000085_jpg.rf.039dbe4e497c328f790bcafa90f9acac.jpg 140,111,178,171,0 72,124,106,178,0
000012_jpg.rf.08118f7d8a849efe096f979c63f6cf60.jpg 229,0,337,147,1 118,113,139,146,1 18,169,45,205,1 178,0,198,31,1
000082_jpg.rf.012e98ee57599a3e2148217767e775f1.jpg 62,100,131,155,1 166,0,250,46,1
000007_jpg.rf.02a24c533d0c84dff48446daa8ff7b56.jpg 222,107,276,183,1 0,123,72,228,1 87,129,148,214,1 304,124,338,186,1 334,115,392,195,1 271,122,319,192,1 195,107,240,181,1 158,159,190,206,1 137,142,164,200,1 387,109,411,183,1
000025_jpg.rf.01539e1f2d0b348d7c15920fba7c5ec4.jpg 233,0,349,134,1 159,57,248,194,1 0,0,131,175,1
000041_jpg.rf.0b8f184648b6869f526e8f6b1991721e.jpg 317,60,325,99,1 243,50,284,122,1 196,56,238,126,1 156,74,186,128,0 285,48,312,95,0 14,135,39,182,0 58,100,90,150,0 93,116,114,157,0 107,104,140,156,0 131,118,153,166,0 149,113,172,157,0
000060_jpg.rf.150fe371d28e1749ed8cf2e8df408f26.jpg 208,0,348,160,1
000041_jpg.rf.092185e2319b08d5f34104f732fb1339.jpg 35,100,55,138,1 88,90,130,162,1 134,97,177,168,1 186,116,217,170,0 61,88,89,135,0 13,79,40,131,0 332,180,357,227,0 281,144,314,194,0 257,159,279,200,0 231,147,265,199,0 219,160,242,208,0 199,156,223,200,0
000089_jpg.rf.0bf52da1dcf355fb0179da1fd598bb07.jpg 326,171,375,236,1 2,142,40,188,1 195,216,217,245,1
000079_jpg.rf.11c4bf4a8b45da20531b5922541170cc.jpg 76,166,147,238,1
000100_jpg.rf.12ff5c8774c8d4ec136a546ee5cd1530.jpg 268,7,367,164,1
000023_jpg.rf.14a543c773584dc4046aa905194e8bad.jpg 170,136,214,202,0 232,135,274,200,0 112,157,157,231,0 97,180,129,237,0 155,110,186,157,0 199,99,230,147,0 0,151,20,196,0 48,134,76,180,0 51,110,76,150,0 233,111,268,156,0 35,151,60,197,0 27,123,51,159,0 194,130,219,175,0 4,142,24,177,0
000024_jpg.rf.13a9e166538a06b559519c45afb29935.jpg 84,0,183,104,1 285,17,325,86,1 190,0,225,49,1 221,9,245,51,1 319,28,371,114,1 150,18,199,102,0 181,51,223,117,0 244,20,263,50,0 263,27,292,68,0 321,22,405,164,0
000038_jpg.rf.153fc60e9a31e82f32405198a6858cc4.jpg 42,67,111,186,1 250,94,322,212,1
000092_jpg.rf.168ca6ab8a456ab69d483784ad1d4a26.jpg 19,0,114,96,1 147,0,204,86,1
000044_jpg.rf.1f328b3506f8b8242c94bce0c0610e0f.jpg 0,3,143,202,1 160,72,287,245,1
000062_jpg.rf.1ae23c41c546111bd250ece0c6971988.jpg 83,180,203,286,1
000058_jpg.rf.1c6ac94bbb4326afcaa376ab5181b31f.jpg 164,5,215,56,1 212,0,339,73,1 67,29,92,57,1 115,51,135,74,1
000070_jpg.rf.213b19cf8cff3e09eaceecd63b4cb755.jpg 339,141,370,186,1
000067_jpg.rf.219d22fe6bdb855a43925497d1f466bc.jpg 160,114,197,171,1 59,151,85,192,1 220,129,249,178,1 123,144,146,185,1 102,146,126,186,1 11,166,43,207,1
000025_jpg.rf.23910315736738b9e93ce12697851bbd.jpg 39,0,171,134,1 141,58,238,198,1 261,0,379,190,1
000077_jpg.rf.2434246c8b10fdc7a6d2574ddc1c5fae.jpg 160,99,191,156,1 192,96,228,161,1 6,125,33,176,1 274,76,318,153,1 81,93,128,166,1 54,154,79,204,1 100,102,132,160,1 384,126,391,157,1 363,121,386,166,1
000053_jpg.rf.249ba255d0c9012c1318e011291ef29a.jpg 129,68,164,101,1
000072_jpg.rf.24d6daa5020900d72f0a52cba432cd0e.jpg 114,5,178,111,1
000017_jpg.rf.27c70f1807ea7a5ed22e70fa6c5d46e5.jpg 106,120,142,176,1
000059_jpg.rf.27f293fa4f01a104524db7f81e838a92.jpg 328,111,395,253,1 30,4,131,141,1 85,57,152,161,0
000027_jpg.rf.2a565a93860f121f1c55ba8588e05670.jpg 254,151,274,180,1 198,127,222,157,1 146,129,171,159,1 58,127,86,162,1 110,125,131,148,1
000078_jpg.rf.2b1a07372d67ef486ad744cadd10fef5.jpg 75,76,112,134,1 117,73,154,126,1
000074_jpg.rf.317c6a39f3cf277b00e07a7c729d95a2.jpg 42,18,258,213,1
000037_jpg.rf.32ba175770e75e6913cfec64f5a4adcd.jpg 212,7,345,230,1
000038_jpg.rf.33c21cc60fddfece68262f099b5597fe.jpg 0,99,85,225,1 204,56,292,181,1
000080_jpg.rf.3456aca3f0d25d9dea0bd068cc745f0e.jpg 226,0,329,70,1 17,23,106,157,1 85,51,155,157,1 190,0,265,73,1 296,0,334,33,1 31,1,97,88,1
000032_jpg.rf.3a0f187ff6f3b5b6b2780de2ca6cb794.jpg 150,70,236,184,1 9,113,92,216,1
000045_jpg.rf.3961919a57562db3336710796a3fc329.jpg 228,1,297,107,1 159,0,339,339,2
000030_jpg.rf.3975dce6a2f0596e6f5f02fd5f5ca481.jpg 308,81,339,125,0 107,116,135,155,0 131,122,157,159,0 185,113,211,149,0 223,103,244,135,0 268,80,300,121,0 259,100,284,133,0 244,104,265,139,0 328,78,339,116,0
000036_jpg.rf.3771e4f94475fae2e64961b0b23cc6d2.jpg 19,0,98,52,1 0,102,98,158,1 32,149,136,212,1 146,7,239,74,1
000018_jpg.rf.3d6097bb77566262a1794b1f2cc8ff57.jpg 60,42,83,78,1
000096_jpg.rf.3cbb53462aade1ce7375315c11ac6007.jpg 217,21,274,91,1 111,30,171,108,1
000049_jpg.rf.3e2722584337259a2c09473c46027862.jpg 195,60,294,139,1 104,214,228,309,1
000001_jpg.rf.3e6749f9bd2961d3b85f0f37476e4c1c.jpg 213,88,260,156,1 296,152,317,186,1
000029_jpg.rf.3ea0808e237839a7bd5029cce4a7418e.jpg 209,55,351,155,1 27,65,120,128,1
000026_jpg.rf.438e5244d93810363f2aff47ba4a7de0.jpg 98,0,186,77,1 148,40,231,199,1
000024_jpg.rf.3f45061a23bd673717d344c88d819055.jpg 83,0,179,108,1 284,17,322,86,1 188,1,220,51,1 219,12,242,53,1 319,27,369,112,1 149,22,196,106,0 181,54,221,120,0 242,22,260,52,0 261,28,289,69,0 322,20,409,159,0
000082_jpg.rf.42a97525b2a474c11c8bbb4d3fb188fd.jpg 84,122,156,182,1 155,0,244,49,1
000096_jpg.rf.43558a534b28e45537ac87dfa3da0e1f.jpg 197,0,258,67,1 91,0,156,78,1
000030_jpg.rf.43847be23725e1e46adf05b7ce0ee566.jpg 315,170,339,211,0 111,170,133,206,0 133,179,154,214,0 188,179,209,213,0 228,176,244,207,0 276,163,302,201,0 263,180,284,210,0 248,181,264,214,0 335,170,355,205,0
000042_jpg.rf.44e1b7ce9a43a500f2640c80c8383473.jpg 132,0,295,229,1
000040_jpg.rf.45b1e63089a90223850a4f9fc33243f6.jpg 182,91,209,115,1 234,104,260,126,1 200,50,226,71,1 215,105,268,179,2 189,51,233,122,2 167,93,217,180,2
000085_jpg.rf.467280833b064b0de257829eea57e89a.jpg 224,145,261,204,0 296,141,329,195,0
000069_jpg.rf.47545bc9b7a8ad032bc4e32178f2dfd6.jpg 276,177,299,209,1 319,159,339,187,1
000021_jpg.rf.4e53718b8cd1eff689ff482dd7e756aa.jpg 252,32,348,165,1
000070_jpg.rf.48c865e28e267becb7b7a26962c0773b.jpg 341,178,364,220,1
000017_jpg.rf.476a971bb5a778389ad9af9ac09884b4.jpg 252,114,284,168,1
000040_jpg.rf.49976af429db7420f3984a5ca8328a6b.jpg 151,59,177,81,1 100,66,124,86,1 139,16,163,35,1 92,68,138,139,2 132,17,170,86,2 143,61,185,146,2
000066_jpg.rf.4b8cd79db3785939dd7fda1e90adb7df.jpg 187,12,256,71,1
000072_jpg.rf.4c878b69b18f22b72918b3802664a0e9.jpg 117,0,185,95,1
000033_jpg.rf.4d5913d1a588c9cde4e85e8643fbe696.jpg 172,17,309,133,1 109,16,355,355,2
000074_jpg.rf.4e76deb3d20ec0fa6d1b9d5bdff24808.jpg 44,4,235,166,1
000007_jpg.rf.50bdef569a84af6d14709a2f7bc846dd.jpg 129,98,180,173,1 337,84,395,186,1 260,101,318,185,1 70,125,102,186,1 16,122,71,201,1 88,119,134,188,1 165,94,208,166,1 219,139,250,185,1 244,120,269,177,1 0,121,19,195,1
000100_jpg.rf.51a88df9f3f952d595e1ea51016f2dee.jpg 192,0,306,129,1
000087_jpg.rf.528fefb09fb4b3ac21afd40e9067466f.jpg 110,0,182,47,1
000077_jpg.rf.535fb486724ed2c1159f2f9fec98fe03.jpg 168,95,197,151,1 200,96,234,160,1 12,105,37,155,1 283,85,324,161,1 88,82,133,154,1 57,139,80,189,1 107,92,137,149,1 389,145,397,177,1 368,139,390,183,1
000050_jpg.rf.542330abb62dfed293f60c7623cef492.jpg 50,160,120,243,1
000061_jpg.rf.567263d3bca3fd74decd57841c6639ed.jpg 72,33,109,86,1
000037_jpg.rf.576d6aaafea0250e72aaa192ad98003a.jpg 229,20,373,256,1
000012_jpg.rf.5a29c698e2e4a959f65d74990bf689c6.jpg 3,0,89,92,1 179,92,196,122,1 262,163,284,196,1
000036_jpg.rf.5c4b2aa667b143b679410da2f29dc1ba.jpg 248,24,329,81,1 255,124,372,186,1 220,174,328,243,1 108,40,204,113,1
000027_jpg.rf.5cbb6a81a83ea9c22a0ca79e3ed47522.jpg 250,141,272,170,1 193,121,218,151,1 141,125,167,156,1 54,127,83,163,1 105,123,127,146,1
000090_jpg.rf.5d06d9810da8fd75cac1049c11bec636.jpg 3,130,40,188,1 126,126,155,172,1 288,49,355,142,1 37,139,66,185,1 69,130,100,172,1 261,110,290,159,1 203,109,232,151,1 239,100,266,146,1 171,116,196,158,1 285,93,314,153,1
000061_jpg.rf.5dba1a1c9ec8f61286d5b68f01fd12ed.jpg 279,23,320,78,1
000069_jpg.rf.5ed64a53e95d8bf14a93824e9636fd24.jpg 52,126,76,158,1 11,109,32,138,1
000078_jpg.rf.5f363f74605f96c4a97b771ecf69d79f.jpg 247,88,281,144,1 205,83,239,134,1
000019_jpg.rf.61ff2227e6c4535ea3909f63588ef343.jpg 124,81,166,144,0 273,116,314,168,0 191,90,241,166,0 235,100,278,164,0 51,51,119,153,0
000089_jpg.rf.6481d99c34aedf6f5d1b5625bae966f7.jpg 299,134,325,196,1 170,198,189,226,1
000032_jpg.rf.64b5bee41714dd443f9dc0b6610bd9dd.jpg 142,106,222,217,1 0,138,77,239,1
000083_jpg.rf.62f7d3c3146aeab153cbff32377b24ed.jpg 286,102,351,199,1 189,160,243,241,1
000052_jpg.rf.63cd162dae324075417c477490342fc2.jpg 46,192,73,226,1 71,180,96,214,1 150,196,172,225,1 122,204,146,230,1 91,192,110,217,1 39,175,64,208,1 190,215,207,238,1 325,250,339,269,1 22,182,43,205,0
000045_jpg.rf.6539ed65d07ac02465c15a828ceb321e.jpg 51,17,141,134,1 0,1,278,351,2
000019_jpg.rf.6598ab110d742e096e1d073af7a4c7ab.jpg 252,94,295,157,0 106,58,147,111,0 177,69,228,146,0 143,60,186,125,0 295,92,359,195,0
000068_jpg.rf.675cbd76e77613f61ea42408030175da.jpg 113,0,187,86,1 273,54,311,107,1 236,30,285,93,1 318,80,347,129,1
000044_jpg.rf.6a227eeba6c495fa406d33ebac2745bf.jpg 0,43,137,233,1 174,95,286,260,1
000067_jpg.rf.6a431e2545473e8ace629d879a4ff25c.jpg 113,51,145,106,1 10,78,33,118,1 172,72,198,119,1 74,77,94,117,1 53,77,74,116,1
000007_jpg.rf.67fcdaa33c32db07dcdf80726b59fd63.jpg 121,113,170,186,1 330,107,397,206,1 252,121,307,203,1 61,137,91,197,1 8,134,61,211,1 80,132,124,200,1 157,110,197,181,1 210,157,239,202,1 235,138,258,194,1 0,130,8,204,1
000026_jpg.rf.6882000dd2d863835d29a4d78aaf0511.jpg 107,0,200,109,1 150,73,240,233,1
000052_jpg.rf.69c310b7e53c14d6bfdf25bab227dc46.jpg 331,201,358,235,1 307,189,333,223,1 232,206,254,235,1 258,214,282,240,1 294,201,313,227,1 339,183,364,216,1 197,226,214,249,1 49,258,68,279,0 64,264,79,282,1 360,190,382,214,0
000020_jpg.rf.6ad4f9515bd095127dca520d86cca833.jpg 255,66,302,133,1 168,170,212,226,1
000087_jpg.rf.6b318c12b2a15e1bcd2fac9ccca35e3b.jpg 220,10,290,62,1
000083_jpg.rf.6ba7587b0abdbe1b504bfa132fa8c789.jpg 292,106,365,206,1 190,153,251,237,1
000013_jpg.rf.6df3a6b41410111e49fdf440f387038e.jpg 0,122,183,379,1
000027_jpg.rf.706acad263e95935a3d73cef7972db41.jpg 123,137,145,167,1 177,117,203,148,1 228,123,255,154,1 312,127,342,163,1 268,121,290,145,1
000049_jpg.rf.6f7f059a158e35a2ce88920de5a0f0ba.jpg 193,67,283,131,1 135,235,249,311,1
000021_jpg.rf.74f582671afb5d67275715b3e35a456f.jpg 11,8,86,130,1
000060_jpg.rf.750cfaf758337e4aa2d18827546f248d.jpg 31,0,151,149,1
000074_jpg.rf.72f8376f2ad4ef75079dc389106af20e.jpg 30,29,239,214,1
000024_jpg.rf.787d9a1e08d11553a51c6c626016af35.jpg 195,0,294,63,1 52,0,93,46,1 132,0,157,11,1 6,0,59,74,1 178,0,228,62,0 154,10,196,76,0 114,0,134,10,0 85,0,115,28,0 0,0,57,123,0
000086_jpg.rf.76b0a1c32808422bab0c18f3e6ea4713.jpg 178,184,203,221,1 149,138,174,176,1
000069_jpg.rf.79c27b7216d8132928385cf0e5876887.jpg 52,142,78,176,1 10,129,33,159,1
000026_jpg.rf.7bfe398a9ce4414387e7e83734893c8d.jpg 242,0,334,127,1 160,66,250,226,1
000035_jpg.rf.7d27cd54fd661c26bfebcd24f1499b99.jpg 70,16,163,159,1 22,0,104,91,1 214,0,301,60,1
000086_jpg.rf.7d6eca72b36667221c4fb49b3fd012be.jpg 108,168,133,205,1 149,133,174,171,1
000013_jpg.rf.7e640e3c971bc0d9c3598c6a34882555.jpg 0,82,152,347,1
000067_jpg.rf.7ef977c31808a550c3a373ff21f9e535.jpg 155,83,191,140,1 270,87,295,128,1 108,114,137,163,1 210,99,233,140,1 229,95,253,135,1 315,89,346,130,1
000031_jpg.rf.8149d3b59144c9dae998c72b729cfd8e.jpg 184,33,214,81,1 95,269,124,317,1 80,41,93,68,1
000058_jpg.rf.82798827e8b6a99b289496a39daadf77.jpg 152,36,202,85,1 201,0,325,99,1 56,63,80,91,1 104,83,124,106,1
000042_jpg.rf.84deb34d90a21675ecadea4d99978fd2.jpg 100,0,301,218,1
000033_jpg.rf.84e38c04cd2c82633d8772771e49f15c.jpg 216,49,338,144,1 150,53,371,403,2
000049_jpg.rf.8664810e34c7179605d6766e43256038.jpg 155,65,254,144,1 150,236,274,331,1
000029_jpg.rf.8681bc1892a4e3ad2a942af3fd950eca.jpg 162,57,317,176,1 0,99,85,175,1
000090_jpg.rf.86b30e3d30b46ebc9254251aa7d68996.jpg 40,132,78,190,1 0,98,43,174,1 162,159,192,205,1 331,131,375,227,1 72,149,102,195,1 106,149,138,191,1 296,179,326,228,1 242,164,271,206,1 278,163,305,209,1 209,161,234,203,1 322,168,352,228,1
000042_jpg.rf.8737de0a336a6a8e35cb8bd7fd3c7539.jpg 75,0,238,232,1
000087_jpg.rf.8887657b23f6a53f0c57f983150a798b.jpg 265,12,340,72,1
000025_jpg.rf.8a19a512a04ca1c95da775cff306a99f.jpg 204,0,324,110,1 129,32,216,169,1 0,0,99,147,1
000075_jpg.rf.8ae09360f2389f38cc21bb1d130bb238.jpg 47,10,90,77,1 172,11,213,72,1 10,8,38,61,1 70,21,102,76,1 178,103,244,200,1 313,122,343,163,1 177,77,203,119,1 120,36,138,72,1
000022_jpg.rf.8bac2c142b1eef7267bd24263810f5ad.jpg 151,92,185,159,1 307,116,334,162,1 209,111,234,164,1 190,118,212,164,1 237,123,259,167,1 281,127,305,171,1 252,129,267,173,1
000068_jpg.rf.8cea92b32db3158d20453cbffcb2a627.jpg 105,0,165,91,1 0,89,22,140,1 12,61,54,120,1
000058_jpg.rf.8f712458c116d2e35cb54d348633dcdf.jpg 225,16,270,60,1 108,0,222,58,1 343,57,359,83,1 297,70,314,91,1
000039_jpg.rf.8feabff5c7439aa1048fa15ffa9fcb0f.jpg 142,89,178,141,1
000093_jpg.rf.90a7d0e9d2a720a171de5a91da8d1fb2.jpg 314,86,382,184,1 240,94,298,164,0 144,86,315,399,2 231,89,399,399,2
000017_jpg.rf.91c9f53c2571fedf0e3e8123a60078af.jpg 236,77,271,133,1
000016_jpg.rf.91df4ff5670c6464261484208ce7ccf6.jpg 213,31,311,160,1
000001_jpg.rf.91e050a61b88735cd0401a121e4c050c.jpg 138,13,188,83,1 79,73,101,108,1
000028_jpg.rf.9397611727c7208af6ce91a1bf96a5db.jpg 244,36,324,147,1 88,8,128,65,1 109,99,153,150,1 138,142,200,230,1 186,154,244,235,1 310,62,363,187,1
000036_jpg.rf.945183d1ad5b5f8d888d399463d9bab7.jpg 282,3,362,57,1 266,105,361,165,1 221,147,327,213,1 138,0,234,61,1
000082_jpg.rf.9457e2bdf7c64396f8686cc285ff044f.jpg 71,123,144,185,1 136,0,227,49,1
000079_jpg.rf.956d796deb576e09bebd1b09f3fa1db0.jpg 62,138,146,222,1
000083_jpg.rf.95d271d2d57602cd1330b1aff126078d.jpg 266,90,324,183,1 174,157,221,235,1
000012_jpg.rf.9724b35e9ce2984c5345cc01948a0d21.jpg 43,0,138,137,1 228,124,247,155,1 316,189,340,223,1 183,3,199,33,1
000081_jpg.rf.98f9b9e4357bea48f2f0e5a581887dfe.jpg 30,5,106,120,1 358,36,391,97,0 118,40,150,101,0 330,42,372,117,0 179,31,229,109,0 215,26,248,94,0 10,54,36,100,0 106,46,124,95,0 153,42,181,88,0
000001_jpg.rf.99fe4e3db32d73344128f81a3cf558cf.jpg 68,84,119,154,1 21,159,44,195,1
000086_jpg.rf.9a8e79a0a549dd0b6459a9f9496c1fed.jpg 207,143,233,180,1 180,96,206,135,1
000080_jpg.rf.9e6e05620ddee558ab964cb013056616.jpg 0,0,62,122,1 224,28,287,152,1 178,69,227,167,1 51,5,102,112,1 217,7,267,85,1 334,0,355,155,1
000061_jpg.rf.9e78e7531c9f885766ac0ab3846d2f20.jpg 364,50,404,109,1 147,46,188,101,1 61,0,101,41,1
000072_jpg.rf.9f982e1ac403359f1cb51c5b776b4d5f.jpg 61,0,111,91,1
000053_jpg.rf.a031ad44a7570781b1fa9c4ab5f2c537.jpg 150,112,185,145,1
000052_jpg.rf.a19e9be8d5c036fc8384bef69a186f8e.jpg 5,215,30,247,1 27,198,50,230,1 107,197,127,225,1 81,211,104,236,1 48,206,66,231,1 0,199,18,231,1 150,208,165,230,1 299,206,317,226,0 289,215,303,232,1
000081_jpg.rf.a236f0cd9ccdd5400765dcba3ee49108.jpg 32,0,130,93,1 353,79,373,146,0 121,22,163,87,0 321,77,373,159,0 179,29,242,114,0 216,33,261,105,0 16,6,50,56,0 110,24,137,74,0 157,32,193,82,0
000064_jpg.rf.a41806ff216640545243a35ab038d51b.jpg 82,87,99,119,1 160,103,174,126,1 92,90,104,117,1
000028_jpg.rf.a0ae4e3708a7cb645cd8ce81bee6fef0.jpg 53,58,128,168,1 251,39,289,95,1 221,129,263,178,1 171,170,230,257,1 127,179,182,259,1 0,80,62,203,1
000075_jpg.rf.a49036433f307cc4ef94dd5fa83aab27.jpg 53,10,96,77,1 178,11,219,72,1 16,8,44,61,1 76,21,108,76,1 184,103,250,200,1 319,122,349,163,1 183,77,209,119,1 126,36,144,72,1
000022_jpg.rf.a4d1eeb4b626001b9f1ce1e742fc9cd6.jpg 209,139,257,211,1 63,129,99,180,1 160,146,196,203,1 181,158,213,208,1 135,153,166,200,1 90,147,123,195,1 126,157,150,203,1
000029_jpg.rf.a67a304d8076f188d20ad96d169e5224.jpg 216,77,379,210,1 48,40,154,125,1
000090_jpg.rf.a6badf91e4dae80641698aacdc9bb8d6.jpg 276,79,316,138,1 310,44,329,121,1 164,111,195,158,1 0,88,27,185,1 253,97,284,144,1 217,99,250,142,1 30,135,62,185,1 85,117,115,160,1 51,118,80,165,1 121,114,148,157,1 4,125,36,186,1
000094_jpg.rf.a76a4858734ef71a196cab3e0be8c06f.jpg 246,103,312,203,1 34,17,89,103,1 151,82,217,172,1 110,51,171,148,1 95,22,145,121,1
000039_jpg.rf.a94cfa49ddd565805941c2b2b03d131c.jpg 198,91,231,142,1
000016_jpg.rf.aab1f13a11440b9d05b4c3d55c3e21de.jpg 217,31,313,158,1
000089_jpg.rf.ad17168b3bfd5897daca19c4a7d53c9d.jpg 35,102,76,162,1 175,192,193,219,1
000045_jpg.rf.ae75e49bb70571e50cc24ab2b9591c26.jpg 150,0,235,81,1 93,0,351,351,2
000032_jpg.rf.b365ed7735dae62efeffc4b9b710470f.jpg 186,111,259,219,1 40,103,112,200,1
000093_jpg.rf.b10c1b017cd8e86b168c5984f998efb3.jpg 21,60,83,155,1 104,75,158,142,0 88,69,233,379,2 0,65,144,379,2
000039_jpg.rf.b15397dfda25b1a93dceba3f0fa80a65.jpg 118,75,155,128,1
000051_jpg.rf.b44a193d67788d2976d849e7c8317dd1.jpg 141,135,177,177,1 204,169,224,198,1 259,187,279,217,1 280,187,298,215,1
000053_jpg.rf.b74174d7915e781aa7a7272089e3363c.jpg 135,83,166,112,1
000030_jpg.rf.b962b7ef2a2a5849997e0df24bfcf359.jpg 319,149,345,191,0 115,159,139,196,0 138,167,161,203,0 192,165,215,200,0 232,160,250,191,0 279,143,307,182,0 268,162,290,193,0 253,163,271,197,0 339,148,361,184,0
000059_jpg.rf.bc77da21d4d7c42591f3d38aa57ef189.jpg 0,88,70,223,1 295,23,380,153,1 266,69,321,169,0
000066_jpg.rf.c0c9aa532913da92011d60c35eb82267.jpg 202,28,268,84,1
000085_jpg.rf.c794f7431f98936cab9e20237da9b606.jpg 219,146,257,205,0 291,157,325,211,0
000092_jpg.rf.ca7465019981d14895c2f7e561872708.jpg 52,0,171,101,1 180,3,251,106,1
000014_jpg.rf.cb63ddfba331b6aefafc01dbd01547b0.jpg 288,78,335,125,1 199,100,250,150,1 126,154,205,234,1 229,55,259,92,1 193,72,230,109,1
000093_jpg.rf.cb8ad2cd6c903380eb3ec230a67efc68.jpg 278,21,345,118,1 210,65,268,135,0 179,62,343,402,2 261,21,405,383,2
000064_jpg.rf.ccbeba2d0e506b5f20cbf9a3b5606391.jpg 238,68,261,102,1 163,66,182,91,1 233,70,250,98,1
000078_jpg.rf.ccf4bfcd29c1c04b9e3bcb256df870c7.jpg 121,102,162,162,1 163,92,203,147,1
000035_jpg.rf.d03fcb972f776f9ce6e44efbe7d373d9.jpg 46,63,151,211,1 0,47,76,167,1 155,0,250,66,1
000096_jpg.rf.d1c1476ac62e56b6a7733ffc6f5ec4ef.jpg 191,20,255,96,1 282,64,351,147,1
000031_jpg.rf.d2ddc2ff11af4e3233876c7a1b9e107b.jpg 96,5,133,56,1 149,251,185,302,1 218,31,235,59,1
000100_jpg.rf.d3113634d789c4cf95247c45c585b735.jpg 253,0,329,91,1
000040_jpg.rf.d354684b1240922eac4ee8ace6bd5513.jpg 109,88,137,114,1 161,77,188,100,1 107,44,134,66,1 153,78,210,154,2 106,43,154,115,2 107,89,162,177,2
000013_jpg.rf.d44d8022d86fe67959012b141b3c6c6d.jpg 0,61,133,333,1
000019_jpg.rf.d35dc264d8c6e8996d8999845610b7d8.jpg 114,69,157,132,0 263,107,304,160,0 181,79,232,156,0 225,90,268,155,0 42,39,111,141,0
000051_jpg.rf.d48dfb076ac11d97bb4ab48303891553.jpg 180,91,214,132,1 131,121,150,149,1 75,135,94,164,1 57,133,73,161,1
000062_jpg.rf.d9459301b90382e7bdc8803a377b583f.jpg 173,117,295,225,1
000022_jpg.rf.dc263aae35c9aefc99f404caebaa832b.jpg 153,71,189,139,1 310,89,325,137,1 212,88,239,142,1 192,96,216,143,1 240,100,264,145,1 283,102,309,147,1 255,106,271,150,1
000094_jpg.rf.d982f0ef54e841e5f4d2cad40d46dfce.jpg 51,87,121,190,1 268,0,328,79,1 144,62,214,154,1 189,29,254,128,1 213,0,268,100,1
000035_jpg.rf.d9e40a9d565db1407363380e834053d8.jpg 251,81,356,229,1 327,65,389,185,1 153,0,248,84,1
000051_jpg.rf.da827c096e95cf9ca187243a789147ca.jpg 115,157,152,200,1 185,167,206,196,1 243,163,264,193,1 262,154,280,183,1
000080_jpg.rf.dbb8cfc20c834200b0cd9a1e72cd98e1.jpg 285,0,355,108,1 63,30,132,156,1 126,68,180,168,1 245,0,302,102,1 348,23,355,80,1 81,9,135,89,1 0,0,24,168,1
000064_jpg.rf.dcf178077120594aeec051e235c6a045.jpg 222,46,242,79,1 150,75,167,99,1 217,51,232,79,1
000081_jpg.rf.dc5d745017645eab96ffd8c9106881b3.jpg 297,7,379,126,1 14,24,50,86,0 254,41,289,103,0 32,30,77,107,0 175,28,228,108,0 156,22,193,91,0 368,60,395,108,0 280,48,301,97,0 224,40,254,88,0
000038_jpg.rf.dd16e7dd4a79ecfc2c96e9fc4ad8523a.jpg 302,80,371,201,1 91,67,165,186,1
000070_jpg.rf.ddb09f009d5432b9fd58a2ddec536a27.jpg 334,215,364,260,1
000044_jpg.rf.de8dc63dd1e45e66852b663599b8c1ce.jpg 138,4,295,204,1 0,76,125,251,1
000033_jpg.rf.dfb42ceb6b499ecf382bf8abbea54d35.jpg 224,19,335,119,1 145,21,335,335,2
000020_jpg.rf.ddcfd308728506e7065782674ef53985.jpg 207,42,256,110,1 154,168,200,225,1
000050_jpg.rf.df690ccdce9f589df0e8700952a55608.jpg 54,96,124,179,1
000023_jpg.rf.e2c013c92f7575cc8afd93bafcdbbff6.jpg 170,152,210,216,0 231,164,269,228,0 108,157,148,230,0 90,175,119,230,0 164,121,192,166,0 209,121,237,168,0 0,121,21,165,0 54,118,79,163,0 64,95,86,134,0 240,141,272,184,0 38,131,60,176,0 38,102,60,137,0 197,149,220,193,0 11,114,29,149,0
000023_jpg.rf.e3db020a3225ce2c66123fa81c3343d3.jpg 179,113,222,178,0 241,112,282,177,0 122,132,165,206,0 106,155,137,211,0 165,86,195,132,0 209,76,239,124,0 2,125,28,168,0 58,108,85,154,0 62,84,86,124,0 244,88,278,133,0 45,125,69,171,0 38,97,61,133,0 203,106,228,151,0 13,115,33,150,0 0,108,5,148,0
000059_jpg.rf.dfe8a8727111b805b0dfc569b097a4f8.jpg 0,0,72,139,1 289,27,355,165,1 256,60,321,164,0
000050_jpg.rf.e0affaa59d30cf825cc21f2717369817.jpg 68,121,136,202,1
000079_jpg.rf.e5a0dec069babd18bf9c1c374544f154.jpg 39,172,122,256,1
000041_jpg.rf.e5ff4f4b6d1b381af1ff881f55a296d8.jpg 362,139,377,175,1 289,119,322,188,1 242,118,276,185,1 200,128,224,180,0 331,122,353,167,0 380,122,400,172,0 50,166,69,211,0 99,139,125,186,0 131,159,148,198,0 146,150,174,199,0 168,166,184,212,0 187,165,205,207,0
000028_jpg.rf.e7006d9446fe8596d4b9bc0b8832e8a1.jpg 58,0,133,69,1 260,7,297,62,1 201,81,243,130,1 133,104,191,190,1 89,96,143,176,1 0,0,59,74,1
000056_jpg.rf.e8aefadc32d5ab6ecc59c40d27869021.jpg 55,208,106,274,0 93,185,129,234,0 298,142,333,193,0 100,130,133,170,0 178,157,209,199,0 278,140,310,188,0 253,147,285,191,0
000062_jpg.rf.e86d539325e2ff7b5b52a077f9ceaf38.jpg 175,179,297,287,1
000018_jpg.rf.e93823666424859d3c52ad5803aa35e4.jpg 283,55,308,92,1
000094_jpg.rf.e9d532d2b7d804f3feb56a9bb2ba5be2.jpg 253,104,317,203,1 40,21,93,107,1 157,85,222,174,1 116,54,175,150,1 101,26,149,124,1
000031_jpg.rf.ea6b1e22dc8631c95d102d9f71e136f6.jpg 257,59,294,110,1 102,257,138,308,1 159,34,176,62,1
000077_jpg.rf.ebe077eb31a2282878dddbcf37832b6f.jpg 178,98,219,158,1 143,106,190,175,1 337,73,372,126,1 53,114,109,196,1 238,68,297,147,1 302,116,335,169,1 236,81,278,143,1 0,196,10,230,1 0,185,31,232,1
000020_jpg.rf.ed2f8b24e33043c9e82e854b6284b852.jpg 262,74,315,144,1 165,168,214,227,1
000018_jpg.rf.ee1a7ee283b8ffed52a1536d656478c9.jpg 266,0,289,35,1
000014_jpg.rf.f01c6bb4c93d15e6493b0218fb1164a8.jpg 16,30,64,77,1 102,54,153,105,1 145,108,225,189,1 93,8,124,45,1 122,25,159,63,1
000092_jpg.rf.f0a4b935d9b22f931c8cd4f8d9dbaf6f.jpg 275,4,362,161,1 181,45,234,140,1
000066_jpg.rf.f33dff66d76ca18876c6285352bc443e.jpg 132,0,203,50,1
000014_jpg.rf.f4c80ca764f721b900cdb9c079585ad3.jpg 5,70,52,115,1 92,88,142,137,1 140,140,217,218,1 81,43,110,79,1 111,59,147,96,1
000021_jpg.rf.fa08eb2e997f348c364b67fa986455b6.jpg 46,51,147,187,1
000068_jpg.rf.f67b3fa543d4b23a12ed421296f1370b.jpg 155,0,231,95,1 29,59,68,112,1 57,36,106,100,1 0,85,23,134,1
000075_jpg.rf.f7d6593d9dd120bb600ebc75f517edfa.jpg 302,30,339,94,1 180,14,215,72,1 289,39,316,92,1 136,104,193,196,1 37,105,63,144,1 181,80,203,120,1 252,47,267,82,1
000056_jpg.rf.f8075b9b90e1acd0f9a56a3aab76b66e.jpg 0,187,43,251,0 41,169,72,215,0 249,154,278,203,0 55,115,84,153,0 129,152,155,192,0 230,148,256,195,0 205,153,232,194,0
000056_jpg.rf.f91778a92e9ab75a642a3eb165881351.jpg 289,197,335,261,0 262,176,295,223,0 56,151,87,201,0 254,121,284,160,0 180,155,208,196,0 79,146,107,193,0 103,152,132,194,0
000037_jpg.rf.fc39025ebae1b938439e291ebe70a8ca.jpg 241,25,378,250,1
000060_jpg.rf.fe58a01d0bf2871682557580ca627072.jpg 208,0,333,160,1
000016_jpg.rf.fd0a3a8a98a6e6d30d96d1828826585b.jpg 97,0,206,86,1