data/trafficsigndataset\00000.jpg 1 0.5841911764705883 0.535625 0.030147058823529412 0.04375
data/trafficsigndataset\00001.jpg 2 0.7378676470588236 0.5125 0.030147058823529412 0.055
2 0.3044117647058823 0.65375 0.041176470588235294 0.0725
3 0.736764705882353 0.453125 0.04264705882352941 0.06875
data/trafficsigndataset\00002.jpg 2 0.6977941176470588 0.6675 0.0838235294117647 0.145
data/trafficsigndataset\00003.jpg 0 0.5540441176470589 0.568125 0.016911764705882352 0.02875
0 0.5536764705882353 0.596875 0.016176470588235296 0.02875
1 0.5536764705882353 0.534375 0.023529411764705882 0.03875
data/trafficsigndataset\00004.jpg 1 0.6856617647058824 0.469375 0.05073529411764706 0.08375
0 0.6841911764705882 0.54125 0.03602941176470588 0.065
data/trafficsigndataset\00005.jpg 0 0.9029411764705882 0.27625 0.08235294117647059 0.1425
data/trafficsigndataset\00006.jpg 0 0.7040441176470589 0.4775 0.04632352941176471 0.08
data/trafficsigndataset\00007.jpg 0 0.6209558823529412 0.531875 0.028676470588235293 0.04875
data/trafficsigndataset\00008.jpg 0 0.586764705882353 0.59125 0.01911764705882353 0.0325
3 0.5863970588235294 0.553125 0.027205882352941177 0.04625
data/trafficsigndataset\00009.jpg 0 0.6889705882352941 0.5975 0.01764705882352941 0.03
data/trafficsigndataset\00010.jpg 3 0.9051470588235294 0.49625 0.05588235294117647 0.0975
data/trafficsigndataset\00011.jpg 0 0.5477941176470589 0.46 0.03676470588235294 0.075
1 0.5477941176470589 0.379375 0.051470588235294115 0.09625
data/trafficsigndataset\00012.jpg 0 0.7400735294117647 0.48875 0.04044117647058824 0.0675
data/trafficsigndataset\00013.jpg 0 0.7952205882352941 0.398125 0.05661764705882353 0.09375
data/trafficsigndataset\00014.jpg 1 0.5308823529411765 0.626875 0.014705882352941176 0.02375
data/trafficsigndataset\00015.jpg 1 0.5801470588235295 0.555 0.027941176470588237 0.045
data/trafficsigndataset\00016.jpg 3 0.6838235294117647 0.561875 0.04264705882352941 0.07125
data/trafficsigndataset\00017.jpg 1 0.7128676470588236 0.44375 0.09044117647058823 0.1325
1 0.43125 0.63125 0.016911764705882352 0.025
data/trafficsigndataset\00018.jpg 0 0.7099264705882353 0.588125 0.022794117647058822 0.03875
data/trafficsigndataset\00019.jpg 3 0.6375 0.4925 0.04264705882352941 0.07
0 0.6371323529411764 0.555 0.03161764705882353 0.0525
data/trafficsigndataset\00020.jpg 1 0.6202205882352941 0.556875 0.027205882352941177 0.04375
data/trafficsigndataset\00021.jpg 1 0.6257352941176471 0.515625 0.03823529411764706 0.06125
data/trafficsigndataset\00022.jpg 1 0.49963235294117647 0.605625 0.01838235294117647 0.03125
data/trafficsigndataset\00023.jpg 0 0.7617647058823529 0.414375 0.05588235294117647 0.09875
1 0.06691176470588235 0.49625 0.0661764705882353 0.1175
1 0.7172794117647059 0.579375 0.04485294117647059 0.07125
data/trafficsigndataset\00024.jpg 3 0.09375 0.596875 0.022794117647058822 0.03625
data/trafficsigndataset\00025.jpg 3 0.5525735294117647 0.550625 0.030147058823529412 0.04625
2 0.5518382352941177 0.6 0.02426470588235294 0.0425
data/trafficsigndataset\00026.jpg 0 0.3474264705882353 0.53875 0.028676470588235293 0.05
data/trafficsigndataset\00027.jpg 0 0.7327205882352941 0.516875 0.04044117647058824 0.06875
0 0.09522058823529411 0.503125 0.04044117647058824 0.06875
data/trafficsigndataset\00028.jpg 1 0.5911764705882353 0.5325 0.04264705882352941 0.0675
2 0.29705882352941176 0.60125 0.01911764705882353 0.0325
data/trafficsigndataset\00029.jpg 0 0.8176470588235294 0.518125 0.030882352941176472 0.05375
data/trafficsigndataset\00030.jpg 2 0.29926470588235293 0.655 0.01911764705882353 0.0325
data/trafficsigndataset\00031.jpg 1 0.5790441176470589 0.561875 0.03602941176470588 0.05875
3 0.45036764705882354 0.59 0.022794117647058822 0.04
data/trafficsigndataset\00032.jpg 3 0.5091911764705882 0.57 0.021323529411764706 0.0325
2 0.5095588235294117 0.60125 0.014705882352941176 0.03
data/trafficsigndataset\00033.jpg 2 0.04044117647058824 0.6725 0.04852941176470588 0.0825
data/trafficsigndataset\00034.jpg 1 0.6488970588235294 0.55625 0.02426470588235294 0.0375
data/trafficsigndataset\00035.jpg 2 0.20808823529411766 0.618125 0.027941176470588237 0.04875
3 0.5117647058823529 0.570625 0.026470588235294117 0.04375
data/trafficsigndataset\00036.jpg 3 0.8444852941176471 0.510625 0.022794117647058822 0.03875
2 0.8459558823529412 0.54625 0.01838235294117647 0.0325
data/trafficsigndataset\00037.jpg 2 0.49926470588235294 0.671875 0.016176470588235296 0.02625
data/trafficsigndataset\00038.jpg 3 0.8316176470588236 0.5675 0.016176470588235296 0.025
data/trafficsigndataset\00039.jpg 3 0.7205882352941176 0.26125 0.061764705882352944 0.105
2 0.7235294117647059 0.353125 0.045588235294117645 0.07625
data/trafficsigndataset\00040.jpg 2 0.7977941176470589 0.44375 0.0661764705882353 0.1125
3 0.7933823529411764 0.321875 0.09117647058823529 0.13875
data/trafficsigndataset\00041.jpg 2 0.7455882352941177 0.625625 0.025 0.04125
data/trafficsigndataset\00042.jpg 1 0.7025735294117647 0.42125 0.05808823529411765 0.0925
data/trafficsigndataset\00043.jpg 3 0.7841911764705882 0.408125 0.04485294117647059 0.07625
2 0.7863970588235294 0.474375 0.03308823529411765 0.05625
2 0.09301470588235294 0.5775 0.02426470588235294 0.045
data/trafficsigndataset\00044.jpg 3 0.5639705882352941 0.5225 0.022058823529411766 0.0375
data/trafficsigndataset\00045.jpg 2 0.1536764705882353 0.688125 0.045588235294117645 0.11625
data/trafficsigndataset\00046.jpg 3 0.8128676470588235 0.233125 0.08897058823529412 0.15125
data/trafficsigndataset\00047.jpg 1 0.4161764705882353 0.59375 0.01911764705882353 0.0325
data/trafficsigndataset\00048.jpg 2 0.5849264705882353 0.573125 0.022794117647058822 0.03875
3 0.5830882352941177 0.53 0.03235294117647059 0.0475
2 0.2650735294117647 0.678125 0.028676470588235293 0.04875
data/trafficsigndataset\00049.jpg 2 0.7419117647058824 0.516875 0.023529411764705882 0.04125
3 0.7400735294117647 0.469375 0.03161764705882353 0.05375
data/trafficsigndataset\00050.jpg 2 0.7033088235294118 0.483125 0.015441176470588236 0.03375
3 0.7033088235294118 0.444375 0.022794117647058822 0.04125
data/trafficsigndataset\00051.jpg 3 0.7371323529411765 0.315625 0.05073529411764706 0.08625
data/trafficsigndataset\00052.jpg 2 0.6261029411764706 0.463125 0.027205882352941177 0.04625
3 0.6279411764705882 0.3825 0.03676470588235294 0.0625
data/trafficsigndataset\00053.jpg 0 0.8647058823529412 0.440625 0.029411764705882353 0.04875
2 0.5753676470588235 0.568125 0.02426470588235294 0.04125
data/trafficsigndataset\00054.jpg 1 0.8327205882352942 0.568125 0.028676470588235293 0.04625
0 0.8319852941176471 0.609375 0.021323529411764706 0.03625
3 0.7253676470588235 0.568125 0.01838235294117647 0.03125
2 0.3426470588235294 0.6625 0.014705882352941176 0.025
data/trafficsigndataset\00055.jpg 1 0.5327205882352941 0.5425 0.03308823529411765 0.0525
data/trafficsigndataset\00056.jpg 0 0.5474264705882353 0.564375 0.022794117647058822 0.03875
data/trafficsigndataset\00057.jpg 0 0.7448529411764706 0.553125 0.033823529411764704 0.06125
data/trafficsigndataset\00058.jpg 3 0.5919117647058824 0.518125 0.027941176470588237 0.05125
data/trafficsigndataset\00059.jpg 3 0.6055147058823529 0.538125 0.04485294117647059 0.07625
data/trafficsigndataset\00060.jpg 2 0.2275735294117647 0.651875 0.019852941176470587 0.03375
0 0.6106617647058824 0.565625 0.016911764705882352 0.02875
data/trafficsigndataset\00061.jpg 0 0.9224264705882353 0.454375 0.04485294117647059 0.07625
data/trafficsigndataset\00062.jpg 3 0.6154411764705883 0.600625 0.016176470588235296 0.02875
data/trafficsigndataset\00063.jpg 0 0.6073529411764705 0.6375 0.016176470588235296 0.0275
data/trafficsigndataset\00064.jpg 0 0.5860294117647059 0.573125 0.016176470588235296 0.02875
data/trafficsigndataset\00065.jpg 0 0.7334558823529411 0.5025 0.03602941176470588 0.0625
data/trafficsigndataset\00066.jpg 2 0.4363970588235294 0.63625 0.03602941176470588 0.065
data/trafficsigndataset\00067.jpg 0 0.7088235294117647 0.5625 0.022058823529411766 0.0375
data/trafficsigndataset\00068.jpg 3 0.6327205882352941 0.585625 0.016911764705882352 0.02625
data/trafficsigndataset\00069.jpg 0 0.6084558823529411 0.586875 0.015441176470588236 0.02625
data/trafficsigndataset\00070.jpg 1 0.725 0.420625 0.058823529411764705 0.09125
data/trafficsigndataset\00071.jpg 1 0.5941176470588235 0.56875 0.029411764705882353 0.045
0 0.5941176470588235 0.61 0.020588235294117647 0.035
0 0.59375 0.645 0.019852941176470587 0.0325
data/trafficsigndataset\00072.jpg 0 0.6227941176470588 0.58375 0.016176470588235296 0.0275
data/trafficsigndataset\00073.jpg 1 0.5422794117647058 0.555 0.021323529411764706 0.0325
0 0.5422794117647058 0.58375 0.015441176470588236 0.025
0 0.5426470588235294 0.608125 0.016176470588235296 0.02625
1 0.3238970588235294 0.551875 0.022794117647058822 0.03375
0 0.32426470588235295 0.58 0.016176470588235296 0.0275
0 0.325 0.60625 0.014705882352941176 0.025
data/trafficsigndataset\00074.jpg 2 0.29558823529411765 0.685 0.027941176470588237 0.0525
3 0.3408088235294118 0.533125 0.03602941176470588 0.06375
3 0.7022058823529411 0.505625 0.03823529411764706 0.06625
data/trafficsigndataset\00075.jpg 1 0.8481617647058823 0.474375 0.04926470588235294 0.07375
0 0.8492647058823529 0.540625 0.03529411764705882 0.05875
data/trafficsigndataset\00076.jpg 1 0.5893382352941177 0.57 0.025735294117647058 0.04
0 0.5897058823529412 0.60375 0.01911764705882353 0.03
data/trafficsigndataset\00077.jpg 1 0.7227941176470588 0.4725 0.047058823529411764 0.075
0 0.7253676470588235 0.539375 0.03602941176470588 0.05875
data/trafficsigndataset\00078.jpg 1 0.9301470588235294 0.319375 0.07941176470588235 0.12375
3 0.5959558823529412 0.590625 0.015441176470588236 0.02625
data/trafficsigndataset\00079.jpg 1 0.5713235294117647 0.5925 0.022058823529411766 0.0375
data/trafficsigndataset\00080.jpg 0 0.6283088235294118 0.508125 0.0375 0.06375
data/trafficsigndataset\00081.jpg 3 0.7389705882352942 0.329375 0.057352941176470586 0.08875
2 0.17720588235294119 0.6375 0.011764705882352941 0.0275
data/trafficsigndataset\00082.jpg 2 0.2125 0.67 0.061764705882352944 0.11
data/trafficsigndataset\00083.jpg 3 0.8110294117647059 0.315 0.07205882352941176 0.11
2 0.8136029411764706 0.415625 0.05220588235294118 0.08875
data/trafficsigndataset\00084.jpg 2 0.5297794117647059 0.67125 0.019852941176470587 0.035
data/trafficsigndataset\00085.jpg 0 0.6327205882352941 0.554375 0.021323529411764706 0.03625
data/trafficsigndataset\00086.jpg 3 0.7172794117647059 0.411875 0.04632352941176471 0.07875
data/trafficsigndataset\00087.jpg 3 0.6830882352941177 0.565625 0.025 0.04375
3 0.2375 0.548125 0.025 0.04375
data/trafficsigndataset\00088.jpg 0 0.7125 0.59625 0.01911764705882353 0.0325
0 0.3110294117647059 0.59625 0.01911764705882353 0.0325
0 0.31176470588235294 0.565 0.01764705882352941 0.03
0 0.7121323529411765 0.565 0.01838235294117647 0.03
data/trafficsigndataset\00089.jpg 0 0.7643382352941176 0.56625 0.021323529411764706 0.0375
0 0.47573529411764703 0.575625 0.01911764705882353 0.03375
data/trafficsigndataset\00090.jpg 3 0.7253676470588235 0.5575 0.030147058823529412 0.045
data/trafficsigndataset\00091.jpg 3 0.65 0.57125 0.022058823529411766 0.035
3 0.7911764705882353 0.494375 0.029411764705882353 0.04625
3 0.39044117647058824 0.5025 0.03235294117647059 0.05
data/trafficsigndataset\00092.jpg 3 0.5356617647058823 0.56375 0.015441176470588236 0.0275
3 0.31875 0.540625 0.019852941176470587 0.03375
2 0.31875 0.574375 0.015441176470588236 0.02625
data/trafficsigndataset\00093.jpg 0 0.26580882352941176 0.520625 0.025735294117647058 0.04875
0 0.8069852941176471 0.455 0.03161764705882353 0.0625
data/trafficsigndataset\00094.jpg 0 0.7136029411764706 0.493125 0.03602941176470588 0.06125
0 0.11102941176470588 0.4425 0.05588235294117647 0.095
data/trafficsigndataset\00095.jpg 0 0.5209558823529412 0.58875 0.015441176470588236 0.025
1 0.5213235294117647 0.56125 0.020588235294117647 0.03
data/trafficsigndataset\00096.jpg 3 0.5283088235294118 0.519375 0.028676470588235293 0.04875
3 0.8514705882352941 0.54875 0.026470588235294117 0.0475
data/trafficsigndataset\00097.jpg 3 0.8430147058823529 0.4475 0.03161764705882353 0.05
3 0.2286764705882353 0.435 0.033823529411764704 0.05
2 0.1264705882352941 0.590625 0.03529411764705882 0.06625
data/trafficsigndataset\00098.jpg 3 0.9198529411764705 0.354375 0.0661764705882353 0.09875
3 0.46397058823529413 0.399375 0.054411764705882354 0.08375
data/trafficsigndataset\00099.jpg 1 0.6849264705882353 0.6425 0.03161764705882353 0.0475
data/trafficsigndataset\00100.jpg 1 0.3176470588235294 0.655 0.027941176470588237 0.0425
1 0.6488970588235294 0.653125 0.028676470588235293 0.04375
data/trafficsigndataset\00101.jpg 0 0.6345588235294117 0.541875 0.041176470588235294 0.06875
data/trafficsigndataset\00102.jpg 3 0.7069852941176471 0.424375 0.04191176470588235 0.06375
2 0.7091911764705883 0.493125 0.028676470588235293 0.05125
data/trafficsigndataset\00103.jpg 2 0.6415441176470589 0.516875 0.025735294117647058 0.04375
3 0.6411764705882353 0.46625 0.03676470588235294 0.06
data/trafficsigndataset\00104.jpg 1 0.5790441176470589 0.600625 0.030147058823529412 0.04625
3 0.5238970588235294 0.595625 0.025735294117647058 0.03875
data/trafficsigndataset\00105.jpg 1 0.20551470588235293 0.57625 0.03455882352941177 0.0575
1 0.7286764705882353 0.51125 0.04852941176470588 0.0775
data/trafficsigndataset\00106.jpg 1 0.69375 0.5075 0.06102941176470588 0.0925
data/trafficsigndataset\00107.jpg 1 0.37720588235294117 0.63875 0.039705882352941174 0.065
0 0.37463235294117647 0.695 0.028676470588235293 0.05
data/trafficsigndataset\00109.jpg 0 0.7389705882352942 0.623125 0.022058823529411766 0.03625
data/trafficsigndataset\00110.jpg 0 0.6922794117647059 0.62625 0.01838235294117647 0.03
data/trafficsigndataset\00111.jpg 0 0.8139705882352941 0.60125 0.023529411764705882 0.04
0 0.2691176470588235 0.64875 0.023529411764705882 0.04
data/trafficsigndataset\00112.jpg 0 0.28125 0.613125 0.02426470588235294 0.04375
0 0.8863970588235294 0.618125 0.028676470588235293 0.04875
data/trafficsigndataset\00113.jpg 0 0.28308823529411764 0.558125 0.05 0.08375
data/trafficsigndataset\00114.jpg 0 0.8823529411764706 0.565625 0.045588235294117645 0.07875
data/trafficsigndataset\00115.jpg 3 0.6617647058823529 0.334375 0.07352941176470588 0.12375
2 0.25036764705882353 0.6675 0.015441176470588236 0.0275
data/trafficsigndataset\00116.jpg 2 0.8139705882352941 0.35375 0.04264705882352941 0.0725
3 0.2878676470588235 0.609375 0.0125 0.03625
data/trafficsigndataset\00117.jpg 3 0.08455882352941177 0.556875 0.023529411764705882 0.05125
2 0.34338235294117647 0.66125 0.04264705882352941 0.0725
data/trafficsigndataset\00118.jpg 2 0.1889705882352941 0.668125 0.041176470588235294 0.07375
data/trafficsigndataset\00119.jpg 1 0.6323529411764706 0.605 0.01911764705882353 0.03
3 0.8095588235294118 0.515 0.027941176470588237 0.0475
data/trafficsigndataset\00120.jpg 0 0.08161764705882353 0.3675 0.07794117647058824 0.1275
data/trafficsigndataset\00121.jpg 0 0.10147058823529412 0.4525 0.06911764705882353 0.135
data/trafficsigndataset\00122.jpg 0 0.37536764705882353 0.63375 0.015441176470588236 0.0275
0 0.6569852941176471 0.63625 0.015441176470588236 0.0275
data/trafficsigndataset\00123.jpg 0 0.39301470588235293 0.635 0.022794117647058822 0.04
0 0.8213235294117647 0.624375 0.023529411764705882 0.04125
data/trafficsigndataset\00124.jpg 0 0.4007352941176471 0.6175 0.01911764705882353 0.0325
0 0.7272058823529411 0.60375 0.01911764705882353 0.0325
data/trafficsigndataset\00125.jpg 0 0.78125 0.44625 0.06397058823529411 0.11
data/trafficsigndataset\00126.jpg 0 0.6279411764705882 0.48625 0.020588235294117647 0.0375
0 0.29044117647058826 0.475625 0.023529411764705882 0.03875
data/trafficsigndataset\00127.jpg 0 0.1150735294117647 0.505 0.027205882352941177 0.0475
0 0.7555147058823529 0.498125 0.027205882352941177 0.04625
data/trafficsigndataset\00128.jpg 3 0.8555147058823529 0.5175 0.02426470588235294 0.0425
data/trafficsigndataset\00129.jpg 0 0.7242647058823529 0.503125 0.033823529411764704 0.05875
1 0.6511029411764706 0.52375 0.028676470588235293 0.05
data/trafficsigndataset\00130.jpg 0 0.1636029411764706 0.549375 0.019852941176470587 0.03375
0 0.4511029411764706 0.554375 0.01838235294117647 0.03125
1 0.24375 0.56625 0.019852941176470587 0.035
data/trafficsigndataset\00131.jpg 0 0.7514705882352941 0.553125 0.01764705882352941 0.03125
0 0.35808823529411765 0.5025 0.01911764705882353 0.0325
data/trafficsigndataset\00132.jpg 1 0.2599264705882353 0.426875 0.05808823529411765 0.08875
data/trafficsigndataset\00133.jpg 3 0.625 0.525 0.016176470588235296 0.03
2 0.6246323529411765 0.55125 0.0125 0.0225
2 0.3775735294117647 0.529375 0.0125 0.02125
data/trafficsigndataset\00134.jpg 0 0.7650735294117647 0.415 0.04779411764705882 0.0825
data/trafficsigndataset\00135.jpg 0 0.5496323529411765 0.40875 0.04338235294117647 0.0725
data/trafficsigndataset\00136.jpg 1 0.6150735294117647 0.52375 0.030147058823529412 0.045
data/trafficsigndataset\00137.jpg 1 0.6308823529411764 0.4425 0.05 0.075
data/trafficsigndataset\00138.jpg 0 0.14411764705882352 0.279375 0.057352941176470586 0.11125
0 0.9698529411764706 0.519375 0.025 0.04125
data/trafficsigndataset\00140.jpg 3 0.19191176470588237 0.608125 0.020588235294117647 0.03625
data/trafficsigndataset\00141.jpg 0 0.64375 0.496875 0.027205882352941177 0.04625
data/trafficsigndataset\00142.jpg 0 0.606985294117647 0.579375 0.013970588235294118 0.02375
data/trafficsigndataset\00143.jpg 3 0.2025735294117647 0.276875 0.05073529411764706 0.08625
data/trafficsigndataset\00144.jpg 0 0.5275735294117647 0.568125 0.013970588235294118 0.02375
data/trafficsigndataset\00146.jpg 3 0.9308823529411765 0.23 0.08970588235294118 0.155
1 0.5290441176470588 0.51875 0.01838235294117647 0.0275
0 0.5294117647058824 0.545 0.013235294117647059 0.0225
data/trafficsigndataset\00147.jpg 1 0.5639705882352941 0.544375 0.025 0.04125
data/trafficsigndataset\00148.jpg 1 0.6672794117647058 0.480625 0.05220588235294118 0.07875
data/trafficsigndataset\00149.jpg 0 0.8647058823529412 0.396875 0.0661764705882353 0.10875
3 0.8606617647058824 0.269375 0.08897058823529412 0.14375
3 0.525 0.59 0.016176470588235296 0.0275
data/trafficsigndataset\00150.jpg 0 0.6209558823529412 0.456875 0.030147058823529412 0.05125
data/trafficsigndataset\00151.jpg 0 0.5948529411764706 0.483125 0.022058823529411766 0.03625
data/trafficsigndataset\00152.jpg 3 0.45294117647058824 0.544375 0.016176470588235296 0.02875
data/trafficsigndataset\00153.jpg 2 0.23713235294117646 0.530625 0.022794117647058822 0.03875
data/trafficsigndataset\00154.jpg 2 0.518014705882353 0.52875 0.01838235294117647 0.0325
data/trafficsigndataset\00155.jpg 2 0.32830882352941176 0.510625 0.03161764705882353 0.05625
data/trafficsigndataset\00156.jpg 0 0.6128676470588236 0.503125 0.021323529411764706 0.03625
data/trafficsigndataset\00157.jpg 0 0.20551470588235293 0.551875 0.025735294117647058 0.04625
0 0.6658088235294117 0.515 0.030147058823529412 0.05
2 0.48566176470588235 0.644375 0.015441176470588236 0.02625
data/trafficsigndataset\00158.jpg 3 0.6764705882352942 0.53375 0.01911764705882353 0.0325
data/trafficsigndataset\00159.jpg 2 0.7371323529411765 0.593125 0.04191176470588235 0.07875
2 0.5341911764705882 0.611875 0.019852941176470587 0.03375
2 0.07463235294117647 0.610625 0.022794117647058822 0.03875
2 0.6643382352941176 0.606875 0.019852941176470587 0.04875
data/trafficsigndataset\00160.jpg 1 0.46433823529411766 0.51 0.03161764705882353 0.05
data/trafficsigndataset\00161.jpg 2 0.5338235294117647 0.566875 0.013235294117647059 0.02125
data/trafficsigndataset\00162.jpg 3 0.1860294117647059 0.54875 0.013235294117647059 0.0225
3 0.53125 0.553125 0.013970588235294118 0.02375
3 0.40661764705882353 0.56625 0.013235294117647059 0.0225
data/trafficsigndataset\00163.jpg 2 0.5801470588235295 0.63625 0.052941176470588235 0.09
data/trafficsigndataset\00164.jpg 1 0.6588235294117647 0.494375 0.03235294117647059 0.05125
data/trafficsigndataset\00165.jpg 0 0.28713235294117645 0.526875 0.0125 0.02375
1 0.5272058823529412 0.395 0.041176470588235294 0.06
data/trafficsigndataset\00166.jpg 0 0.6110294117647059 0.49875 0.025 0.0425
data/trafficsigndataset\00167.jpg 0 0.2797794117647059 0.571875 0.016911764705882352 0.02875
0 0.54375 0.555 0.015441176470588236 0.0275
data/trafficsigndataset\00168.jpg 1 0.5191176470588236 0.538125 0.01911764705882353 0.02875
data/trafficsigndataset\00169.jpg 0 0.8459558823529412 0.268125 0.09044117647058823 0.15375
data/trafficsigndataset\00170.jpg 0 0.6823529411764706 0.425 0.023529411764705882 0.045
data/trafficsigndataset\00171.jpg 0 0.6669117647058823 0.45 0.03676470588235294 0.0625
0 0.6672794117647058 0.51125 0.03602941176470588 0.06
data/trafficsigndataset\00172.jpg 1 0.5338235294117647 0.60375 0.020588235294117647 0.03
0 0.5349264705882353 0.534375 0.013970588235294118 0.02375
data/trafficsigndataset\00173.jpg 0 0.8352941176470589 0.38 0.03676470588235294 0.0625
data/trafficsigndataset\00174.jpg 1 0.5408088235294117 0.535625 0.025735294117647058 0.03875
0 0.5404411764705882 0.56875 0.01764705882352941 0.03
3 0.6106617647058824 0.41625 0.04338235294117647 0.0775
data/trafficsigndataset\00175.jpg 0 0.6753676470588236 0.460625 0.0375 0.06875
data/trafficsigndataset\00176.jpg 0 0.6341911764705882 0.53375 0.01838235294117647 0.0325
data/trafficsigndataset\00177.jpg 3 0.21470588235294116 0.54625 0.030882352941176472 0.0525
3 0.5628676470588235 0.553125 0.028676470588235293 0.04875
2 0.37536764705882353 0.574375 0.0125 0.02125
3 0.9481617647058823 0.524375 0.027205882352941177 0.04375
data/trafficsigndataset\00178.jpg 0 0.5426470588235294 0.5825 0.014705882352941176 0.025
data/trafficsigndataset\00179.jpg 3 0.5121323529411764 0.538125 0.015441176470588236 0.02375
data/trafficsigndataset\00180.jpg 0 0.725 0.503125 0.026470588235294117 0.04625
data/trafficsigndataset\00181.jpg 0 0.6051470588235294 0.41125 0.04411764705882353 0.075
data/trafficsigndataset\00182.jpg 0 0.49301470588235297 0.533125 0.021323529411764706 0.03625
3 0.49411764705882355 0.499375 0.020588235294117647 0.03625
data/trafficsigndataset\00183.jpg 1 0.5779411764705882 0.484375 0.029411764705882353 0.04625
data/trafficsigndataset\00184.jpg 0 0.6029411764705882 0.379375 0.04411764705882353 0.07625
data/trafficsigndataset\00185.jpg 0 0.7511029411764706 0.254375 0.08014705882352942 0.13375
data/trafficsigndataset\00186.jpg 0 0.45 0.580625 0.013235294117647059 0.02375
0 0.24632352941176472 0.5475 0.014705882352941176 0.025
3 0.4511029411764706 0.555625 0.016911764705882352 0.02875
data/trafficsigndataset\00187.jpg 0 0.5088235294117647 0.5275 0.025 0.0425
0 0.13051470588235295 0.513125 0.02426470588235294 0.04375
data/trafficsigndataset\00188.jpg 1 0.5356617647058823 0.500625 0.03455882352941177 0.05375
data/trafficsigndataset\00189.jpg 1 0.6507352941176471 0.458125 0.047058823529411764 0.06875
data/trafficsigndataset\00190.jpg 2 0.49963235294117647 0.513125 0.013970588235294118 0.02625
data/trafficsigndataset\00191.jpg 1 0.5224264705882353 0.528125 0.025735294117647058 0.04125
data/trafficsigndataset\00192.jpg 3 0.37058823529411766 0.531875 0.01764705882352941 0.02875
0 0.23823529411764705 0.563125 0.014705882352941176 0.02625
3 0.5147058823529411 0.375625 0.05588235294117647 0.09625
data/trafficsigndataset\00193.jpg 3 0.5738970588235294 0.346875 0.07867647058823529 0.13375
data/trafficsigndataset\00194.jpg 1 0.5533088235294118 0.421875 0.05073529411764706 0.07875
data/trafficsigndataset\00195.jpg 1 0.8091911764705882 0.264375 0.08897058823529412 0.14125
1 0.5897058823529412 0.5175 0.026470588235294117 0.04
data/trafficsigndataset\00196.jpg 3 0.55625 0.42875 0.04485294117647059 0.0675
2 0.5558823529411765 0.49125 0.03235294117647059 0.0575
2 0.40147058823529413 0.604375 0.01764705882352941 0.03125
data/trafficsigndataset\00197.jpg 1 0.6702205882352941 0.399375 0.06544117647058824 0.10375
data/trafficsigndataset\00198.jpg 2 0.5073529411764706 0.55875 0.013235294117647059 0.0225
3 0.5073529411764706 0.529375 0.01764705882352941 0.02875
data/trafficsigndataset\00199.jpg 1 0.6279411764705882 0.435 0.041176470588235294 0.065
data/trafficsigndataset\00200.jpg 3 0.6452205882352942 0.406875 0.05514705882352941 0.09625
2 0.6433823529411765 0.4875 0.03823529411764706 0.065
3 0.48455882352941176 0.526875 0.016176470588235296 0.02875
3 0.19779411764705881 0.519375 0.01764705882352941 0.03125
data/trafficsigndataset\00201.jpg 3 0.5786764705882353 0.468125 0.03676470588235294 0.05625
data/trafficsigndataset\00202.jpg 3 0.49963235294117647 0.4275 0.03308823529411765 0.0575
3 0.058823529411764705 0.42375 0.03529411764705882 0.06
data/trafficsigndataset\00203.jpg 0 0.5669117647058823 0.484375 0.01911764705882353 0.03125
data/trafficsigndataset\00204.jpg 0 0.663235294117647 0.245625 0.06470588235294118 0.11375
2 0.55625 0.36 0.03897058823529412 0.07
data/trafficsigndataset\00205.jpg 1 0.9294117647058824 0.488125 0.09117647058823529 0.14625
data/trafficsigndataset\00206.jpg 2 0.07205882352941176 0.176875 0.054411764705882354 0.09125
2 0.8761029411764706 0.28625 0.04779411764705882 0.08
2 0.6154411764705883 0.6025 0.014705882352941176 0.0275
3 0.08051470588235295 0.069375 0.08014705882352942 0.11875
3 0.8746323529411765 0.19625 0.06691176470588235 0.0975
data/trafficsigndataset\00207.jpg 1 0.6661764705882353 0.431875 0.052941176470588235 0.08125
data/trafficsigndataset\00208.jpg 1 0.5036764705882353 0.34875 0.06911764705882353 0.1
data/trafficsigndataset\00209.jpg 2 0.8382352941176471 0.396875 0.04411764705882353 0.07625
3 0.8386029411764706 0.310625 0.06397058823529411 0.09625
data/trafficsigndataset\00210.jpg 2 0.7555147058823529 0.538125 0.015441176470588236 0.03125
3 0.7551470588235294 0.501875 0.023529411764705882 0.04125
data/trafficsigndataset\00211.jpg 1 0.5044117647058823 0.534375 0.027941176470588237 0.04375
data/trafficsigndataset\00212.jpg 2 0.2235294117647059 0.548125 0.016176470588235296 0.02875
3 0.5404411764705882 0.493125 0.020588235294117647 0.03375
2 0.5654411764705882 0.52 0.01911764705882353 0.035
data/trafficsigndataset\00214.jpg 3 0.9117647058823529 0.22875 0.08088235294117647 0.1325
2 0.9198529411764705 0.345625 0.054411764705882354 0.08875
data/trafficsigndataset\00215.jpg 2 0.5838235294117647 0.6125 0.014705882352941176 0.025
data/trafficsigndataset\00216.jpg 0 0.2386029411764706 0.568125 0.01838235294117647 0.03125
0 0.6606617647058823 0.57375 0.01838235294117647 0.0325
data/trafficsigndataset\00217.jpg 0 0.7360294117647059 0.371875 0.04411764705882353 0.07625
data/trafficsigndataset\00218.jpg 2 0.6011029411764706 0.558125 0.013970588235294118 0.02375
data/trafficsigndataset\00219.jpg 3 0.8216911764705882 0.38125 0.05514705882352941 0.0875
2 0.8209558823529411 0.46625 0.04044117647058824 0.07
data/trafficsigndataset\00220.jpg 0 0.84375 0.381875 0.030147058823529412 0.05125
data/trafficsigndataset\00221.jpg 1 0.7463235294117647 0.55625 0.039705882352941174 0.0625
data/trafficsigndataset\00222.jpg 0 0.7378676470588236 0.465 0.027205882352941177 0.045
data/trafficsigndataset\00223.jpg 0 0.6154411764705883 0.4425 0.030882352941176472 0.05
data/trafficsigndataset\00224.jpg 1 0.7191176470588235 0.29125 0.06764705882352941 0.1125
0 0.6985294117647058 0.385625 0.039705882352941174 0.08125
0 0.7422794117647059 0.3725 0.04779411764705882 0.0875
data/trafficsigndataset\00225.jpg 0 0.6544117647058824 0.37625 0.05 0.0825
data/trafficsigndataset\00226.jpg 0 0.8720588235294118 0.32125 0.05 0.0825
data/trafficsigndataset\00227.jpg 1 0.9316176470588236 0.3675 0.057352941176470586 0.0875
data/trafficsigndataset\00228.jpg 0 0.7113970588235294 0.406875 0.04485294117647059 0.07625
data/trafficsigndataset\00229.jpg 1 0.9610294117647059 0.45125 0.03676470588235294 0.055
0 0.9477941176470588 0.500625 0.023529411764705882 0.04125
0 0.9727941176470588 0.4975 0.026470588235294117 0.04
data/trafficsigndataset\00230.jpg 0 0.7264705882352941 0.515 0.020588235294117647 0.035
1 0.7261029411764706 0.555625 0.028676470588235293 0.04625
data/trafficsigndataset\00231.jpg 0 0.85625 0.475625 0.027205882352941177 0.04625
data/trafficsigndataset\00232.jpg 2 0.44338235294117645 0.636875 0.020588235294117647 0.03625
3 0.6536764705882353 0.49875 0.030882352941176472 0.05
3 0.23419117647058824 0.549375 0.03161764705882353 0.04875
data/trafficsigndataset\00233.jpg 2 0.2511029411764706 0.62625 0.02426470588235294 0.04
data/trafficsigndataset\00234.jpg 0 0.7963235294117647 0.383125 0.047058823529411764 0.07875
data/trafficsigndataset\00236.jpg 3 0.8382352941176471 0.4225 0.08676470588235294 0.16
data/trafficsigndataset\00237.jpg 3 0.6161764705882353 0.47125 0.023529411764705882 0.04
3 0.22536764705882353 0.506875 0.02426470588235294 0.04125
data/trafficsigndataset\00238.jpg 1 0.6334558823529411 0.521875 0.028676470588235293 0.04375
0 0.6345588235294117 0.57125 0.020588235294117647 0.035
data/trafficsigndataset\00239.jpg 1 0.5889705882352941 0.529375 0.01911764705882353 0.03125
0 0.5897058823529412 0.560625 0.014705882352941176 0.02375
3 0.6183823529411765 0.533125 0.020588235294117647 0.03625
data/trafficsigndataset\00240.jpg 0 0.6345588235294117 0.475 0.023529411764705882 0.04
data/trafficsigndataset\00241.jpg 0 0.6316176470588235 0.52625 0.030882352941176472 0.0525
data/trafficsigndataset\00242.jpg 0 0.6316176470588235 0.500625 0.016176470588235296 0.03125
3 0.9180147058823529 0.395625 0.07867647058823529 0.12375
data/trafficsigndataset\00243.jpg 0 0.6286764705882353 0.573125 0.01764705882352941 0.02875
data/trafficsigndataset\00244.jpg 0 0.37536764705882353 0.511875 0.028676470588235293 0.04875
0 0.9264705882352942 0.464375 0.03235294117647059 0.05625
data/trafficsigndataset\00245.jpg 0 0.3588235294117647 0.56625 0.016176470588235296 0.0275
0 0.6341911764705882 0.561875 0.016911764705882352 0.02875
data/trafficsigndataset\00246.jpg 0 0.24448529411764705 0.50375 0.03161764705882353 0.055
0 0.8180147058823529 0.46875 0.03161764705882353 0.0525
data/trafficsigndataset\00247.jpg 0 0.35404411764705884 0.579375 0.015441176470588236 0.02625
0 0.6371323529411764 0.573125 0.015441176470588236 0.02625
data/trafficsigndataset\00248.jpg 0 0.15919117647058822 0.581875 0.01838235294117647 0.03375
0 0.6297794117647059 0.553125 0.019852941176470587 0.03375
data/trafficsigndataset\00249.jpg 0 0.9029411764705882 0.544375 0.023529411764705882 0.04125
data/trafficsigndataset\00250.jpg 2 0.09852941176470588 0.57375 0.05 0.09
0 0.6761029411764706 0.573125 0.01838235294117647 0.03125
data/trafficsigndataset\00251.jpg 2 0.11911764705882352 0.590625 0.06764705882352941 0.11875
data/trafficsigndataset\00252.jpg 0 0.6893382352941176 0.514375 0.03308823529411765 0.05625
0 0.6860294117647059 0.43625 0.033823529411764704 0.0575
data/trafficsigndataset\00253.jpg 0 0.9143382352941176 0.23625 0.08455882352941177 0.1375
data/trafficsigndataset\00254.jpg 0 0.8856617647058823 0.37875 0.04779411764705882 0.0825
1 0.9408088235294118 0.47875 0.022794117647058822 0.0375
data/trafficsigndataset\00255.jpg 2 0.16286764705882353 0.6775 0.05661764705882353 0.0975
data/trafficsigndataset\00256.jpg 1 0.8591911764705882 0.121875 0.09338235294117647 0.13875
data/trafficsigndataset\00257.jpg 1 0.9308823529411765 0.450625 0.04264705882352941 0.06625
1 0.8080882352941177 0.506875 0.029411764705882353 0.04375
data/trafficsigndataset\00258.jpg 1 0.5595588235294118 0.60625 0.023529411764705882 0.04
1 0.2672794117647059 0.6325 0.025735294117647058 0.04
data/trafficsigndataset\00259.jpg 0 0.9003676470588236 0.439375 0.03308823529411765 0.05625
data/trafficsigndataset\00260.jpg 0 0.5529411764705883 0.3725 0.047058823529411764 0.08
data/trafficsigndataset\00261.jpg 2 0.8669117647058824 0.350625 0.04264705882352941 0.07625
data/trafficsigndataset\00262.jpg 2 0.6790441176470589 0.389375 0.04338235294117647 0.07375
3 0.8044117647058824 0.11 0.07647058823529412 0.1275
data/trafficsigndataset\00263.jpg 0 0.4823529411764706 0.53375 0.014705882352941176 0.025
data/trafficsigndataset\00264.jpg 0 0.7176470588235294 0.529375 0.01764705882352941 0.02875
0 0.7180147058823529 0.558125 0.016911764705882352 0.02875
0 0.38235294117647056 0.59625 0.016176470588235296 0.0275
data/trafficsigndataset\00265.jpg 1 0.5996323529411764 0.55125 0.022794117647058822 0.0375
1 0.5834558823529412 0.56875 0.015441176470588236 0.0225
0 0.6 0.58625 0.016176470588235296 0.0275
data/trafficsigndataset\00266.jpg 1 0.19669117647058823 0.594375 0.0375 0.06375
data/trafficsigndataset\00267.jpg 2 0.6213235294117647 0.48875 0.016176470588235296 0.0275
3 0.6415441176470589 0.500625 0.019852941176470587 0.03375
data/trafficsigndataset\00268.jpg 0 0.6647058823529411 0.51125 0.01911764705882353 0.0325
data/trafficsigndataset\00269.jpg 0 0.7191176470588235 0.5525 0.01764705882352941 0.03
data/trafficsigndataset\00270.jpg 3 0.9297794117647059 0.4475 0.03897058823529412 0.0675
0 0.19705882352941176 0.450625 0.03676470588235294 0.06375
0 0.9294117647058824 0.381875 0.039705882352941174 0.06625
data/trafficsigndataset\00271.jpg 0 0.20441176470588235 0.485625 0.027941176470588237 0.04875
0 0.8161764705882353 0.45125 0.029411764705882353 0.05
data/trafficsigndataset\00272.jpg 1 0.9264705882352942 0.4375 0.054411764705882354 0.0875
1 0.2525735294117647 0.536875 0.04926470588235294 0.07875
data/trafficsigndataset\00273.jpg 1 0.8180147058823529 0.393125 0.04779411764705882 0.07125
data/trafficsigndataset\00274.jpg 0 0.7301470588235294 0.515625 0.026470588235294117 0.04375
data/trafficsigndataset\00275.jpg 2 0.8944852941176471 0.45375 0.030147058823529412 0.0525
2 0.16323529411764706 0.534375 0.023529411764705882 0.04375
data/trafficsigndataset\00276.jpg 1 0.6040441176470588 0.45875 0.03455882352941177 0.0525
2 0.09632352941176471 0.613125 0.03235294117647059 0.06625
data/trafficsigndataset\00277.jpg 0 0.7790441176470588 0.513125 0.016911764705882352 0.02875
data/trafficsigndataset\00278.jpg 2 0.6886029411764706 0.505 0.021323529411764706 0.0375
3 0.6875 0.465 0.029411764705882353 0.045
data/trafficsigndataset\00279.jpg 2 0.4742647058823529 0.64 0.041176470588235294 0.07
data/trafficsigndataset\00280.jpg 0 0.7856617647058823 0.50875 0.021323529411764706 0.0375
3 0.8503676470588235 0.478125 0.0375 0.06375
data/trafficsigndataset\00281.jpg 1 0.7345588235294118 0.4725 0.025 0.0375
0 0.7356617647058824 0.510625 0.02426470588235294 0.04125
data/trafficsigndataset\00282.jpg 1 0.6507352941176471 0.53625 0.023529411764705882 0.0375
data/trafficsigndataset\00283.jpg 0 0.9047794117647059 0.208125 0.07867647058823529 0.13125
data/trafficsigndataset\00284.jpg 3 0.7496323529411765 0.385 0.05808823529411765 0.0975
0 0.7514705882352941 0.469375 0.04264705882352941 0.07125
data/trafficsigndataset\00285.jpg 3 0.8224264705882353 0.414375 0.04044117647058824 0.06875
data/trafficsigndataset\00286.jpg 3 0.756985294117647 0.468125 0.021323529411764706 0.03625
data/trafficsigndataset\00287.jpg 0 0.8334558823529412 0.488125 0.030147058823529412 0.05125
data/trafficsigndataset\00288.jpg 0 0.31213235294117647 0.584375 0.016911764705882352 0.02875
0 0.73125 0.5625 0.016911764705882352 0.03
data/trafficsigndataset\00289.jpg 3 0.22463235294117648 0.528125 0.030147058823529412 0.05375
3 0.9588235294117647 0.501875 0.03235294117647059 0.05625
data/trafficsigndataset\00290.jpg 0 0.9632352941176471 0.511875 0.023529411764705882 0.04625
data/trafficsigndataset\00291.jpg 0 0.8433823529411765 0.50375 0.026470588235294117 0.0475
data/trafficsigndataset\00292.jpg 0 0.7327205882352941 0.545625 0.021323529411764706 0.03625
0 0.2426470588235294 0.576875 0.022058823529411766 0.03625
data/trafficsigndataset\00293.jpg 0 0.03602941176470588 0.54125 0.030882352941176472 0.0575
0 0.8588235294117647 0.4875 0.03676470588235294 0.0625
data/trafficsigndataset\00294.jpg 1 0.09338235294117647 0.53625 0.03823529411764706 0.06
1 0.8838235294117647 0.441875 0.04264705882352941 0.06875
data/trafficsigndataset\00295.jpg 3 0.91875 0.484375 0.03308823529411765 0.05875
3 0.08823529411764706 0.55 0.03235294117647059 0.0575
data/trafficsigndataset\00296.jpg 0 0.35 0.531875 0.023529411764705882 0.04125
0 0.9213235294117647 0.50125 0.023529411764705882 0.04
data/trafficsigndataset\00297.jpg 1 0.75625 0.57 0.019852941176470587 0.03
1 0.4459558823529412 0.568125 0.019852941176470587 0.02875
data/trafficsigndataset\00298.jpg 1 0.9363970588235294 0.27 0.07867647058823529 0.12
0 0.9382352941176471 0.366875 0.05588235294117647 0.09375
1 0.06470588235294118 0.575 0.027941176470588237 0.0375
data/trafficsigndataset\00299.jpg 3 0.9371323529411765 0.345625 0.04338235294117647 0.07375
data/trafficsigndataset\00300.jpg 1 0.5110294117647058 0.555 0.022058823529411766 0.035
0 0.5808823529411765 0.539375 0.016176470588235296 0.02875
data/trafficsigndataset\00301.jpg 1 0.80625 0.365 0.05073529411764706 0.08
0 0.8088235294117647 0.42875 0.03676470588235294 0.0625
data/trafficsigndataset\00302.jpg 3 0.8404411764705882 0.44125 0.029411764705882353 0.05
data/trafficsigndataset\00303.jpg 0 0.8827205882352941 0.499375 0.021323529411764706 0.03625
data/trafficsigndataset\00304.jpg 2 0.3886029411764706 0.511875 0.03602941176470588 0.06125
data/trafficsigndataset\00305.jpg 1 0.5852941176470589 0.49375 0.045588235294117645 0.0675
1 0.4213235294117647 0.463125 0.03529411764705882 0.05625
data/trafficsigndataset\00306.jpg 1 0.7834558823529412 0.546875 0.027205882352941177 0.04375
1 0.2727941176470588 0.61 0.026470588235294117 0.0425
data/trafficsigndataset\00307.jpg 3 0.3474264705882353 0.611875 0.022794117647058822 0.03875
3 0.5963235294117647 0.588125 0.023529411764705882 0.04125
1 0.6713235294117647 0.54625 0.030882352941176472 0.05
2 0.6216911764705882 0.586875 0.02426470588235294 0.04125
data/trafficsigndataset\00309.jpg 0 0.14705882352941177 0.511875 0.029411764705882353 0.05375
0 0.8683823529411765 0.469375 0.03235294117647059 0.05625
data/trafficsigndataset\00310.jpg 3 0.2213235294117647 0.553125 0.023529411764705882 0.04125
3 0.8595588235294118 0.510625 0.027941176470588237 0.04625
data/trafficsigndataset\00311.jpg 0 0.46544117647058825 0.55125 0.025 0.0425
0 0.9647058823529412 0.51 0.025 0.0425
data/trafficsigndataset\00312.jpg 0 0.1275735294117647 0.40375 0.07573529411764705 0.14
1 0.9099264705882353 0.5275 0.016911764705882352 0.0275
1 0.5058823529411764 0.554375 0.016176470588235296 0.02375
data/trafficsigndataset\00313.jpg 3 0.29154411764705884 0.5525 0.04044117647058824 0.07
data/trafficsigndataset\00314.jpg 0 0.9044117647058824 0.52 0.025 0.045
0 0.30330882352941174 0.585 0.02426470588235294 0.0425
data/trafficsigndataset\00315.jpg 3 0.9474264705882353 0.495 0.03161764705882353 0.0575
3 0.14154411764705882 0.5475 0.030147058823529412 0.06
data/trafficsigndataset\00316.jpg 1 0.5191176470588236 0.53125 0.01911764705882353 0.03
0 0.5202205882352942 0.55875 0.016911764705882352 0.0275
1 0.7411764705882353 0.509375 0.020588235294117647 0.03125
0 0.7408088235294118 0.54125 0.01838235294117647 0.03
data/trafficsigndataset\00317.jpg 3 0.8411764705882353 0.499375 0.03235294117647059 0.05375
data/trafficsigndataset\00318.jpg 0 0.47352941176470587 0.58 0.01911764705882353 0.0325
2 0.580514705882353 0.614375 0.015441176470588236 0.02625
data/trafficsigndataset\00319.jpg 0 0.9003676470588236 0.533125 0.03455882352941177 0.05875
0 0.43419117647058825 0.573125 0.03161764705882353 0.05625
data/trafficsigndataset\00320.jpg 3 0.1386029411764706 0.565 0.019852941176470587 0.035
3 0.6882352941176471 0.523125 0.022058823529411766 0.03875
data/trafficsigndataset\00322.jpg 0 0.8731617647058824 0.435625 0.03161764705882353 0.05375
0 0.26433823529411765 0.534375 0.03161764705882353 0.05375
data/trafficsigndataset\00323.jpg 0 0.3025735294117647 0.563125 0.019852941176470587 0.03375
0 0.6378676470588235 0.565 0.019852941176470587 0.035
data/trafficsigndataset\00330.jpg 0 0.7963235294117647 0.43375 0.04852941176470588 0.085
data/trafficsigndataset\00333.jpg 3 0.10735294117647058 0.556875 0.04411764705882353 0.07875
3 0.5738970588235294 0.52 0.04044117647058824 0.0725
data/trafficsigndataset\00334.jpg 0 0.25441176470588234 0.59375 0.033823529411764704 0.0575
0 0.5724264705882353 0.566875 0.027205882352941177 0.04625
data/trafficsigndataset\00337.jpg 3 0.6738970588235295 0.52875 0.022794117647058822 0.0375
data/trafficsigndataset\00338.jpg 1 0.3830882352941177 0.515 0.025 0.0375
0 0.3827205882352941 0.54875 0.022794117647058822 0.035
1 0.7459558823529412 0.514375 0.02426470588235294 0.03625
0 0.7459558823529412 0.549375 0.021323529411764706 0.03375
data/trafficsigndataset\00339.jpg 0 0.47316176470588234 0.57375 0.02426470588235294 0.0425
3 0.7316176470588235 0.548125 0.03823529411764706 0.06125
data/trafficsigndataset\00340.jpg 3 0.6169117647058824 0.69375 0.01764705882352941 0.03
2 0.6172794117647059 0.666875 0.01838235294117647 0.03125
3 0.6169117647058824 0.69375 0.01764705882352941 0.03
data/trafficsigndataset\00341.jpg 3 0.7058823529411765 0.62375 0.054411764705882354 0.085
data/trafficsigndataset\00343.jpg 0 0.5996323529411764 0.680625 0.019852941176470587 0.03375
0 0.36580882352941174 0.651875 0.021323529411764706 0.03625
data/trafficsigndataset\00344.jpg 3 0.6169117647058824 0.566875 0.058823529411764705 0.10125
data/trafficsigndataset\00346.jpg 0 0.225 0.695 0.022058823529411766 0.0375
0 0.6595588235294118 0.695 0.020588235294117647 0.035
data/trafficsigndataset\00347.jpg 1 0.6922794117647059 0.71375 0.04191176470588235 0.065
data/trafficsigndataset\00348.jpg 0 0.7139705882352941 0.67875 0.027941176470588237 0.0475
data/trafficsigndataset\00349.jpg 0 0.06139705882352941 0.605625 0.04485294117647059 0.07375
0 0.9397058823529412 0.624375 0.05 0.08625
data/trafficsigndataset\00350.jpg 0 0.3613970588235294 0.699375 0.02426470588235294 0.04125
0 0.8150735294117647 0.696875 0.02426470588235294 0.03875
data/trafficsigndataset\00351.jpg 0 0.38566176470588237 0.683125 0.019852941176470587 0.03375
data/trafficsigndataset\00352.jpg 3 0.7224264705882353 0.703125 0.019852941176470587 0.03375
3 0.3981617647058823 0.708125 0.019852941176470587 0.03375
data/trafficsigndataset\00353.jpg 0 0.6235294117647059 0.7075 0.01764705882352941 0.03
0 0.34301470588235294 0.7125 0.015441176470588236 0.0275
data/trafficsigndataset\00355.jpg 0 0.36066176470588235 0.691875 0.02426470588235294 0.04125
data/trafficsigndataset\00356.jpg 1 0.7169117647058824 0.683125 0.04264705882352941 0.06625
1 0.20551470588235293 0.65875 0.04485294117647059 0.07
data/trafficsigndataset\00357.jpg 0 0.8180147058823529 0.6775 0.025735294117647058 0.045
0 0.35404411764705884 0.683125 0.027205882352941177 0.04625
data/trafficsigndataset\00358.jpg 0 0.2536764705882353 0.649375 0.04264705882352941 0.07375
data/trafficsigndataset\00359.jpg 0 0.6551470588235294 0.71375 0.01764705882352941 0.03
0 0.35257352941176473 0.715625 0.01838235294117647 0.03125
data/trafficsigndataset\00360.jpg 0 0.775 0.6325 0.03235294117647059 0.055
0 0.20183823529411765 0.654375 0.03161764705882353 0.05375
data/trafficsigndataset\00362.jpg 1 0.2286764705882353 0.6525 0.08676470588235294 0.13
data/trafficsigndataset\00363.jpg 0 0.3150735294117647 0.630625 0.03161764705882353 0.05375
0 0.31691176470588234 0.683125 0.03235294117647059 0.05375
data/trafficsigndataset\00366.jpg 0 0.3886029411764706 0.676875 0.016911764705882352 0.02875
0 0.38933823529411765 0.705625 0.016911764705882352 0.02875
0 0.7360294117647059 0.701875 0.01911764705882353 0.02875
0 0.7363970588235295 0.731875 0.019852941176470587 0.02875
data/trafficsigndataset\00367.jpg 0 0.7705882352941177 0.65125 0.029411764705882353 0.05
0 0.7716911764705883 0.703125 0.03161764705882353 0.05125
0 0.18529411764705883 0.63625 0.03235294117647059 0.0525
0 0.18786764705882353 0.69125 0.030147058823529412 0.05
data/trafficsigndataset\00368.jpg 0 0.2988970588235294 0.60625 0.03602941176470588 0.0625
0 0.2974264705882353 0.66875 0.03897058823529412 0.065
data/trafficsigndataset\00369.jpg 0 0.39080882352941176 0.6925 0.015441176470588236 0.025
0 0.39080882352941176 0.718125 0.016911764705882352 0.02625
0 0.6503676470588236 0.676875 0.015441176470588236 0.02375
0 0.6511029411764706 0.700625 0.015441176470588236 0.02625
data/trafficsigndataset\00370.jpg 0 0.6558823529411765 0.684375 0.01764705882352941 0.02875
0 0.6569852941176471 0.71375 0.019852941176470587 0.0325
0 0.33345588235294116 0.678125 0.019852941176470587 0.02875
0 0.33455882352941174 0.706875 0.01911764705882353 0.03125
data/trafficsigndataset\00371.jpg 0 0.2529411764705882 0.68625 0.041176470588235294 0.07
data/trafficsigndataset\00372.jpg 0 0.731985294117647 0.634375 0.03161764705882353 0.05375
data/trafficsigndataset\00373.jpg 0 0.13198529411764706 0.665625 0.022794117647058822 0.03875
0 0.6147058823529412 0.66 0.025 0.0425
data/trafficsigndataset\00374.jpg 3 0.7463235294117647 0.679375 0.023529411764705882 0.04125
3 0.5025735294117647 0.72 0.01838235294117647 0.0325
data/trafficsigndataset\00375.jpg 3 0.913235294117647 0.66625 0.01911764705882353 0.03
data/trafficsigndataset\00376.jpg 3 0.2113970588235294 0.635625 0.03161764705882353 0.05375
3 0.7426470588235294 0.66375 0.030882352941176472 0.0525
data/trafficsigndataset\00377.jpg 0 0.8474264705882353 0.654375 0.028676470588235293 0.04875
0 0.1900735294117647 0.638125 0.028676470588235293 0.05125
0 0.8474264705882353 0.703125 0.028676470588235293 0.04875
0 0.18860294117647058 0.690625 0.030147058823529412 0.05125
data/trafficsigndataset\00378.jpg 0 0.06066176470588235 0.52625 0.0875 0.1475
0 0.06139705882352941 0.3775 0.09044117647058823 0.15
data/trafficsigndataset\00379.jpg 0 0.1536764705882353 0.60125 0.033823529411764704 0.0575
0 0.8 0.64 0.03529411764705882 0.06
0 0.15330882352941178 0.658125 0.03455882352941177 0.05875
0 0.7981617647058824 0.581875 0.03455882352941177 0.05875
data/trafficsigndataset\00380.jpg 0 0.4139705882352941 0.71375 0.01764705882352941 0.03
0 0.7091911764705883 0.719375 0.016911764705882352 0.02875
0 0.7084558823529412 0.689375 0.016911764705882352 0.02875
0 0.4139705882352941 0.68375 0.01764705882352941 0.03
data/trafficsigndataset\00382.jpg 0 0.34191176470588236 0.6375 0.029411764705882353 0.05
0 0.3422794117647059 0.685625 0.028676470588235293 0.04875
0 0.9033088235294118 0.644375 0.028676470588235293 0.04875
0 0.9047794117647059 0.690625 0.028676470588235293 0.04875
data/trafficsigndataset\00383.jpg 1 0.4 0.700625 0.025 0.03625
1 0.7386029411764706 0.695625 0.02426470588235294 0.03625
data/trafficsigndataset\00384.jpg 0 0.9051470588235294 0.56 0.047058823529411764 0.08
0 0.9077205882352941 0.639375 0.04779411764705882 0.08125
data/trafficsigndataset\00385.jpg 0 0.7327205882352941 0.685625 0.028676470588235293 0.04875
0 0.21102941176470588 0.68875 0.029411764705882353 0.05
data/trafficsigndataset\00386.jpg 0 0.4172794117647059 0.716875 0.01838235294117647 0.03125
0 0.7268382352941176 0.701875 0.016911764705882352 0.02875
data/trafficsigndataset\00387.jpg 1 0.3264705882352941 0.66375 0.04852941176470588 0.08
1 0.8955882352941177 0.644375 0.04852941176470588 0.07875
data/trafficsigndataset\00388.jpg 3 0.9632352941176471 0.66125 0.052941176470588235 0.08
data/trafficsigndataset\00390.jpg 0 0.3522058823529412 0.6575 0.03529411764705882 0.06
0 0.913235294117647 0.646875 0.033823529411764704 0.05875
data/trafficsigndataset\00391.jpg 3 0.9426470588235294 0.658125 0.03235294117647059 0.06125
3 0.1636029411764706 0.66625 0.03602941176470588 0.0625
data/trafficsigndataset\00392.jpg 0 0.28713235294117645 0.596875 0.04779411764705882 0.08625
data/trafficsigndataset\00393.jpg 1 0.23933823529411766 0.659375 0.06985294117647059 0.10875
data/trafficsigndataset\00395.jpg 3 0.1625 0.675 0.029411764705882353 0.0525
3 0.6768382352941177 0.67125 0.025735294117647058 0.045
data/trafficsigndataset\00396.jpg 0 0.15808823529411764 0.634375 0.033823529411764704 0.05875
0 0.7514705882352941 0.615 0.03529411764705882 0.06
data/trafficsigndataset\00397.jpg 0 0.7102941176470589 0.72 0.025 0.0425
0 0.7091911764705883 0.676875 0.025735294117647058 0.04375
data/trafficsigndataset\00398.jpg 1 0.5753676470588235 0.660625 0.019852941176470587 0.02875
0 0.575735294117647 0.68625 0.01764705882352941 0.0275
0 0.5764705882352941 0.7125 0.01764705882352941 0.03
data/trafficsigndataset\00400.jpg 1 0.9286764705882353 0.63 0.039705882352941174 0.06
data/trafficsigndataset\00401.jpg 0 0.3238970588235294 0.645625 0.030147058823529412 0.05125
0 0.8400735294117647 0.646875 0.030147058823529412 0.05125
data/trafficsigndataset\00402.jpg 3 0.8183823529411764 0.64875 0.027941176470588237 0.0475
data/trafficsigndataset\00403.jpg 3 0.4261029411764706 0.71875 0.016911764705882352 0.03
3 0.700735294117647 0.71375 0.01911764705882353 0.0325
0 0.4264705882352941 0.69 0.01764705882352941 0.03
0 0.7 0.681875 0.01911764705882353 0.03375
data/trafficsigndataset\00404.jpg 0 0.26875 0.556875 0.04485294117647059 0.07625
0 0.94375 0.554375 0.04191176470588235 0.07125
data/trafficsigndataset\00405.jpg 0 0.9426470588235294 0.621875 0.039705882352941174 0.06875
0 0.28161764705882353 0.589375 0.041176470588235294 0.06875
3 0.9433823529411764 0.541875 0.05 0.09125
data/trafficsigndataset\00406.jpg 1 0.39375 0.709375 0.022794117647058822 0.03375
1 0.6363970588235294 0.69625 0.019852941176470587 0.0325
1 0.7878676470588235 0.65875 0.0375 0.06
1 0.22683823529411765 0.670625 0.03602941176470588 0.05625
data/trafficsigndataset\00408.jpg 1 0.125 0.62625 0.061764705882352944 0.095
1 0.8610294117647059 0.6425 0.057352941176470586 0.0875
data/trafficsigndataset\00410.jpg 2 0.29044117647058826 0.80375 0.041176470588235294 0.07
data/trafficsigndataset\00411.jpg 2 0.15551470588235294 0.79 0.03897058823529412 0.075
3 0.09154411764705882 0.715625 0.021323529411764706 0.03875
3 0.37683823529411764 0.711875 0.02426470588235294 0.04375
data/trafficsigndataset\00412.jpg 0 0.7533088235294118 0.6525 0.03308823529411765 0.0575
data/trafficsigndataset\00413.jpg 0 0.7801470588235294 0.630625 0.033823529411764704 0.06125
data/trafficsigndataset\00414.jpg 0 0.7757352941176471 0.555625 0.033823529411764704 0.05875
data/trafficsigndataset\00415.jpg 0 0.6161764705882353 0.7 0.016176470588235296 0.0275
data/trafficsigndataset\00416.jpg 0 0.611764705882353 0.655 0.027941176470588237 0.0475
data/trafficsigndataset\00417.jpg 1 0.05808823529411765 0.616875 0.07352941176470588 0.11375
data/trafficsigndataset\00418.jpg 1 0.3466911764705882 0.689375 0.02426470588235294 0.03625
0 0.3463235294117647 0.7175 0.016176470588235296 0.0275
data/trafficsigndataset\00419.jpg 0 0.736764705882353 0.64125 0.033823529411764704 0.06
data/trafficsigndataset\00420.jpg 0 0.6172794117647059 0.691875 0.016911764705882352 0.02875
0 0.2735294117647059 0.69875 0.016176470588235296 0.0275
data/trafficsigndataset\00421.jpg 3 0.7066176470588236 0.709375 0.022058823529411766 0.03375
data/trafficsigndataset\00422.jpg 1 0.4496323529411765 0.72375 0.01838235294117647 0.03
data/trafficsigndataset\00423.jpg 1 0.3 0.635 0.06323529411764706 0.0975
1 0.8808823529411764 0.61125 0.06911764705882353 0.11
data/trafficsigndataset\00425.jpg 0 0.23676470588235293 0.65375 0.029411764705882353 0.05
0 0.6768382352941177 0.650625 0.030147058823529412 0.05125
0 0.23676470588235293 0.70375 0.029411764705882353 0.05
0 0.6790441176470589 0.701875 0.030147058823529412 0.05125
data/trafficsigndataset\00426.jpg 1 0.8360294117647059 0.558125 0.08823529411764706 0.13875
data/trafficsigndataset\00427.jpg 0 0.25073529411764706 0.53875 0.06911764705882353 0.12
data/trafficsigndataset\00428.jpg 0 0.24926470588235294 0.7025 0.020588235294117647 0.035
0 0.6996323529411764 0.696875 0.021323529411764706 0.03625
data/trafficsigndataset\00430.jpg 3 0.7121323529411765 0.56375 0.05808823529411765 0.0925
data/trafficsigndataset\00431.jpg 0 0.21654411764705883 0.681875 0.028676470588235293 0.04625
0 0.8529411764705882 0.645 0.027941176470588237 0.05
data/trafficsigndataset\00432.jpg 0 0.18382352941176472 0.71625 0.01911764705882353 0.0325
0 0.7029411764705882 0.6575 0.020588235294117647 0.035
data/trafficsigndataset\00433.jpg 1 0.39558823529411763 0.695 0.041176470588235294 0.0675
data/trafficsigndataset\00434.jpg 0 0.15588235294117647 0.3 0.0661764705882353 0.115
data/trafficsigndataset\00435.jpg 0 0.6235294117647059 0.686875 0.020588235294117647 0.03625
data/trafficsigndataset\00436.jpg 0 0.5919117647058824 0.6775 0.016176470588235296 0.0275
data/trafficsigndataset\00438.jpg 3 0.3996323529411765 0.711875 0.015441176470588236 0.02625
3 0.6261029411764706 0.708125 0.015441176470588236 0.02625
data/trafficsigndataset\00439.jpg 0 0.8988970588235294 0.6675 0.04191176470588235 0.075
data/trafficsigndataset\00440.jpg 1 0.94375 0.65875 0.05955882352941176 0.0875
data/trafficsigndataset\00441.jpg 0 0.7996323529411765 0.694375 0.03602941176470588 0.06125
data/trafficsigndataset\00443.jpg 1 0.611764705882353 0.705 0.022058823529411766 0.035
0 0.6125 0.735625 0.014705882352941176 0.02375
1 0.3573529411764706 0.705625 0.023529411764705882 0.03375
0 0.35808823529411765 0.73375 0.014705882352941176 0.0225
data/trafficsigndataset\00444.jpg 1 0.2963235294117647 0.688125 0.03529411764705882 0.05625
1 0.7253676470588235 0.69 0.03308823529411765 0.0525
0 0.29705882352941176 0.730625 0.022058823529411766 0.03875
0 0.7253676470588235 0.733125 0.021323529411764706 0.03625
data/trafficsigndataset\00445.jpg 0 0.7672794117647059 0.65125 0.03308823529411765 0.0575
0 0.17169117647058824 0.675 0.030147058823529412 0.0525
data/trafficsigndataset\00446.jpg 3 0.3095588235294118 0.656875 0.029411764705882353 0.04625
3 0.5772058823529411 0.641875 0.026470588235294117 0.04125
2 0.58125 0.730625 0.02426470588235294 0.04125
data/trafficsigndataset\00447.jpg 3 0.9007352941176471 0.570625 0.06323529411764706 0.09625
data/trafficsigndataset\00448.jpg 2 0.4349264705882353 0.76125 0.015441176470588236 0.0275
data/trafficsigndataset\00449.jpg 3 0.1713235294117647 0.609375 0.030882352941176472 0.04875
3 0.6121323529411765 0.58375 0.030147058823529412 0.0475
data/trafficsigndataset\00450.jpg 1 0.8400735294117647 0.4925 0.05661764705882353 0.0875
data/trafficsigndataset\00451.jpg 1 0.5915441176470588 0.714375 0.021323529411764706 0.03375
data/trafficsigndataset\00452.jpg 1 0.6580882352941176 0.700625 0.027941176470588237 0.04375
data/trafficsigndataset\00453.jpg 1 0.9253676470588236 0.461875 0.06397058823529411 0.09375
1 0.6680147058823529 0.638125 0.019852941176470587 0.03375
1 0.1849264705882353 0.54 0.04044117647058824 0.0625
data/trafficsigndataset\00455.jpg 1 0.8375 0.5025 0.0661764705882353 0.1
data/trafficsigndataset\00456.jpg 0 0.3297794117647059 0.5525 0.04044117647058824 0.07
data/trafficsigndataset\00457.jpg 0 0.9352941176470588 0.558125 0.04264705882352941 0.07125
0 0.39375 0.60625 0.027205882352941177 0.0475
data/trafficsigndataset\00458.jpg 3 0.7378676470588236 0.63625 0.021323529411764706 0.04
data/trafficsigndataset\00459.jpg 1 0.6577205882352941 0.664375 0.025735294117647058 0.04125
0 0.6591911764705882 0.700625 0.01838235294117647 0.03125
data/trafficsigndataset\00460.jpg 3 0.6205882352941177 0.5875 0.022058823529411766 0.035
2 0.6224264705882353 0.620625 0.022794117647058822 0.03875
data/trafficsigndataset\00461.jpg 3 0.93125 0.371875 0.05220588235294118 0.08375
data/trafficsigndataset\00463.jpg 2 0.41911764705882354 0.804375 0.022058823529411766 0.03875
data/trafficsigndataset\00465.jpg 3 0.9455882352941176 0.44375 0.0661764705882353 0.1
data/trafficsigndataset\00466.jpg 3 0.9125 0.52625 0.03823529411764706 0.055
3 0.39044117647058824 0.603125 0.025 0.03625
2 0.9150735294117647 0.571875 0.027205882352941177 0.04375
2 0.39044117647058824 0.6325 0.01764705882352941 0.03
data/trafficsigndataset\00467.jpg 0 0.8455882352941176 0.64875 0.026470588235294117 0.045
data/trafficsigndataset\00468.jpg 0 0.8430147058823529 0.65625 0.027205882352941177 0.0475
data/trafficsigndataset\00470.jpg 0 0.6139705882352942 0.62625 0.01764705882352941 0.03
3 0.6772058823529412 0.664375 0.025 0.04375
3 0.8761029411764706 0.343125 0.08308823529411764 0.14125
data/trafficsigndataset\00471.jpg 3 0.5904411764705882 0.631875 0.020588235294117647 0.03625
data/trafficsigndataset\00472.jpg 3 0.6636029411764706 0.6525 0.03308823529411765 0.055
data/trafficsigndataset\00473.jpg 0 0.3849264705882353 0.685625 0.02426470588235294 0.04125
0 0.8588235294117647 0.6525 0.023529411764705882 0.04
data/trafficsigndataset\00474.jpg 0 0.925 0.70625 0.023529411764705882 0.04
0 0.38933823529411765 0.730625 0.022794117647058822 0.03875
data/trafficsigndataset\00475.jpg 0 0.9349264705882353 0.631875 0.05661764705882353 0.09375
data/trafficsigndataset\00476.jpg 0 0.13308823529411765 0.670625 0.026470588235294117 0.04625
0 0.8599264705882353 0.675625 0.025735294117647058 0.04375
data/trafficsigndataset\00477.jpg 0 0.2338235294117647 0.6575 0.029411764705882353 0.05
data/trafficsigndataset\00478.jpg 0 0.6926470588235294 0.61375 0.030882352941176472 0.0525
0 0.175 0.62875 0.029411764705882353 0.05
data/trafficsigndataset\00479.jpg 3 0.7378676470588236 0.648125 0.03161764705882353 0.05125
2 0.7389705882352942 0.6925 0.022058823529411766 0.0375
data/trafficsigndataset\00480.jpg 0 0.7933823529411764 0.585 0.03529411764705882 0.06
data/trafficsigndataset\00481.jpg 1 0.6808823529411765 0.648125 0.026470588235294117 0.04125
data/trafficsigndataset\00482.jpg 3 0.5514705882352942 0.68125 0.026470588235294117 0.0475
3 0.20441176470588235 0.68625 0.026470588235294117 0.0525
3 0.21544117647058825 0.72125 0.014705882352941176 0.0325
3 0.7816176470588235 0.720625 0.011764705882352941 0.02625
data/trafficsigndataset\00483.jpg 0 0.1297794117647059 0.670625 0.03897058823529412 0.06625
0 0.8875 0.69625 0.03676470588235294 0.065
data/trafficsigndataset\00484.jpg 0 0.2613970588235294 0.656875 0.02426470588235294 0.04125
0 0.7488970588235294 0.6825 0.02426470588235294 0.0425
data/trafficsigndataset\00485.jpg 0 0.17683823529411766 0.519375 0.05514705882352941 0.09625
data/trafficsigndataset\00486.jpg 0 0.32169117647058826 0.683125 0.04044117647058824 0.06875
data/trafficsigndataset\00487.jpg 2 0.46654411764705883 0.769375 0.013970588235294118 0.02375
data/trafficsigndataset\00488.jpg 2 0.3713235294117647 0.7775 0.016176470588235296 0.0275
data/trafficsigndataset\00490.jpg 3 0.6294117647058823 0.659375 0.020588235294117647 0.02875
2 0.4823529411764706 0.76 0.01764705882352941 0.03
2 0.6301470588235294 0.6825 0.014705882352941176 0.025
data/trafficsigndataset\00491.jpg 2 0.3375 0.753125 0.04264705882352941 0.08625
data/trafficsigndataset\00492.jpg 1 0.6676470588235294 0.678125 0.022058823529411766 0.03625
data/trafficsigndataset\00493.jpg 1 0.6897058823529412 0.594375 0.041176470588235294 0.06375
data/trafficsigndataset\00494.jpg 0 0.8544117647058823 0.434375 0.07205882352941176 0.11875
data/trafficsigndataset\00496.jpg 0 0.39080882352941176 0.64375 0.030147058823529412 0.0525
0 0.38933823529411765 0.694375 0.030147058823529412 0.05125
data/trafficsigndataset\00497.jpg 2 0.3003676470588235 0.78875 0.02426470588235294 0.05
data/trafficsigndataset\00498.jpg 2 0.2011029411764706 0.7625 0.03602941176470588 0.06
3 0.19852941176470587 0.63 0.03235294117647059 0.055
data/trafficsigndataset\00499.jpg 3 0.7591911764705882 0.6475 0.03455882352941177 0.0525
data/trafficsigndataset\00500.jpg 0 0.7176470588235294 0.653125 0.03529411764705882 0.05875
data/trafficsigndataset\00501.jpg 0 0.7003676470588235 0.70875 0.013970588235294118 0.025
0 0.4551470588235294 0.709375 0.013235294117647059 0.02375
3 0.1275735294117647 0.4175 0.07867647058823529 0.13
2 0.11875 0.865625 0.08014705882352942 0.13875
data/trafficsigndataset\00502.jpg 3 0.05220588235294118 0.7125 0.020588235294117647 0.035
3 0.43566176470588236 0.710625 0.019852941176470587 0.03375
2 0.4227941176470588 0.7425 0.025 0.0425
data/trafficsigndataset\00503.jpg 2 0.28566176470588234 0.768125 0.05073529411764706 0.08875
data/trafficsigndataset\00504.jpg 2 0.29007352941176473 0.76375 0.022794117647058822 0.04
data/trafficsigndataset\00505.jpg 3 0.788235294117647 0.625625 0.029411764705882353 0.05125
data/trafficsigndataset\00507.jpg 1 0.6658088235294117 0.623125 0.04044117647058824 0.06375
2 0.4889705882352941 0.745 0.011764705882352941 0.0225
data/trafficsigndataset\00508.jpg 1 0.6518382352941177 0.643125 0.03161764705882353 0.04875
data/trafficsigndataset\00509.jpg 1 0.6286764705882353 0.63375 0.03235294117647059 0.05
data/trafficsigndataset\00512.jpg 0 0.18382352941176472 0.63 0.029411764705882353 0.045
0 0.8522058823529411 0.6375 0.029411764705882353 0.05
data/trafficsigndataset\00513.jpg 0 0.12463235294117647 0.660625 0.04044117647058824 0.06875
data/trafficsigndataset\00514.jpg 0 0.29375 0.661875 0.027205882352941177 0.04625
0 0.8727941176470588 0.638125 0.027941176470588237 0.04875
data/trafficsigndataset\00515.jpg 0 0.21691176470588236 0.4975 0.05588235294117647 0.0925
data/trafficsigndataset\00516.jpg 2 0.19779411764705881 0.38 0.04264705882352941 0.0725
data/trafficsigndataset\00517.jpg 0 0.22647058823529412 0.57375 0.054411764705882354 0.0925
data/trafficsigndataset\00518.jpg 0 0.3492647058823529 0.6875 0.03529411764705882 0.06
data/trafficsigndataset\00519.jpg 0 0.3533088235294118 0.696875 0.03897058823529412 0.06625
data/trafficsigndataset\00520.jpg 0 0.3 0.67 0.041176470588235294 0.0725
data/trafficsigndataset\00521.jpg 0 0.2875 0.73625 0.020588235294117647 0.0375
0 0.7066176470588236 0.725 0.022058823529411766 0.0375
data/trafficsigndataset\00523.jpg 0 0.9613970588235294 0.666875 0.03308823529411765 0.05375
0 0.3518382352941177 0.673125 0.03455882352941177 0.05875
data/trafficsigndataset\00524.jpg 0 0.15735294117647058 0.69625 0.039705882352941174 0.0675
0 0.9154411764705882 0.6925 0.03823529411764706 0.065
data/trafficsigndataset\00527.jpg 0 0.6536764705882353 0.55125 0.022058823529411766 0.0375
0 0.275 0.54375 0.022058823529411766 0.0375
data/trafficsigndataset\00528.jpg 0 0.7393382352941177 0.449375 0.030147058823529412 0.05125
0 0.1363970588235294 0.54375 0.028676470588235293 0.05
data/trafficsigndataset\00530.jpg 0 0.32536764705882354 0.5225 0.025735294117647058 0.0425
0 0.7547794117647059 0.521875 0.02426470588235294 0.04125
data/trafficsigndataset\00531.jpg 0 0.36323529411764705 0.56625 0.014705882352941176 0.025
0 0.6764705882352942 0.5525 0.016176470588235296 0.0275
data/trafficsigndataset\00536.jpg 3 0.030882352941176472 0.55375 0.022058823529411766 0.0375
3 0.25 0.58125 0.01911764705882353 0.0325
2 0.538235294117647 0.60875 0.011764705882352941 0.02
data/trafficsigndataset\00542.jpg 3 0.6279411764705882 0.565 0.01764705882352941 0.03
data/trafficsigndataset\00544.jpg 1 0.8 0.409375 0.05 0.07625
1 0.7419117647058824 0.5525 0.027941176470588237 0.0425
0 0.5536764705882353 0.56 0.013235294117647059 0.025
data/trafficsigndataset\00545.jpg 0 0.16911764705882354 0.568125 0.025 0.04875
data/trafficsigndataset\00548.jpg 3 0.5830882352941177 0.5625 0.026470588235294117 0.045
2 0.5841911764705883 0.601875 0.01838235294117647 0.03125
data/trafficsigndataset\00551.jpg 0 0.6996323529411764 0.59875 0.021323529411764706 0.035
data/trafficsigndataset\00552.jpg 0 0.4011029411764706 0.650625 0.0125 0.02125
0 0.40147058823529413 0.67 0.011764705882352941 0.02
0 0.6051470588235294 0.64625 0.013235294117647059 0.0225
0 0.6051470588235294 0.66625 0.011764705882352941 0.02
data/trafficsigndataset\00554.jpg 1 0.7099264705882353 0.611875 0.027205882352941177 0.04375
data/trafficsigndataset\00556.jpg 2 0.9 0.66 0.04264705882352941 0.0725
data/trafficsigndataset\00557.jpg 1 0.21691176470588236 0.6025 0.03235294117647059 0.05
3 0.35441176470588237 0.605625 0.03529411764705882 0.05875
data/trafficsigndataset\00560.jpg 0 0.7860294117647059 0.25375 0.04411764705882353 0.075
data/trafficsigndataset\00564.jpg 1 0.5713235294117647 0.485 0.03235294117647059 0.05
data/trafficsigndataset\00565.jpg 3 0.5496323529411765 0.44125 0.02426470588235294 0.0425
data/trafficsigndataset\00566.jpg 0 0.49411764705882355 0.515 0.025 0.0425
0 0.10294117647058823 0.54375 0.023529411764705882 0.04
2 0.3463235294117647 0.623125 0.014705882352941176 0.02375
data/trafficsigndataset\00567.jpg 1 0.79375 0.543125 0.04338235294117647 0.06375
data/trafficsigndataset\00570.jpg 0 0.6599264705882353 0.540625 0.02426470588235294 0.04125
data/trafficsigndataset\00571.jpg 3 0.9540441176470589 0.465625 0.015441176470588236 0.02875
data/trafficsigndataset\00575.jpg 2 0.30808823529411766 0.6125 0.023529411764705882 0.04
data/trafficsigndataset\00593.jpg 2 0.43823529411764706 0.6525 0.01764705882352941 0.03
data/trafficsigndataset\00599.jpg 0 0.5227941176470589 0.58125 0.016176470588235296 0.0275
data/trafficsigndataset\00601.jpg 0 0.08345588235294117 0.59875 0.04632352941176471 0.0725
data/trafficsigndataset\00602.jpg 0 0.94375 0.713125 0.022794117647058822 0.03875
0 0.3371323529411765 0.698125 0.022794117647058822 0.03875
data/trafficsigndataset\00603.jpg 0 0.28602941176470587 0.590625 0.041176470588235294 0.06875
data/trafficsigndataset\00604.jpg 1 0.2948529411764706 0.6425 0.052941176470588235 0.08
data/trafficsigndataset\00605.jpg 0 0.13713235294117648 0.663125 0.028676470588235293 0.04875
0 0.6349264705882353 0.6475 0.025735294117647058 0.0425
data/trafficsigndataset\00606.jpg 3 0.6397058823529411 0.6475 0.025 0.0425
data/trafficsigndataset\00607.jpg 1 0.6757352941176471 0.62375 0.045588235294117645 0.0675
data/trafficsigndataset\00608.jpg 3 0.7165441176470588 0.49375 0.03897058823529412 0.0625
data/trafficsigndataset\00609.jpg 0 0.6066176470588235 0.65375 0.023529411764705882 0.04
0 0.2400735294117647 0.66125 0.02426470588235294 0.0425
data/trafficsigndataset\00610.jpg 3 0.680514705882353 0.67375 0.019852941176470587 0.035
0 0.6819852941176471 0.704375 0.015441176470588236 0.02625
data/trafficsigndataset\00611.jpg 0 0.6290441176470588 0.630625 0.02426470588235294 0.04125
0 0.6297794117647059 0.67 0.02426470588235294 0.04
data/trafficsigndataset\00612.jpg 2 0.12683823529411764 0.708125 0.06691176470588235 0.11375
3 0.15294117647058825 0.515625 0.05588235294117647 0.09625
data/trafficsigndataset\00613.jpg 0 0.8459558823529412 0.724375 0.027205882352941177 0.04625
0 0.36433823529411763 0.704375 0.025735294117647058 0.04375
data/trafficsigndataset\00615.jpg 1 0.6643382352941176 0.68875 0.03308823529411765 0.0525
0 0.6647058823529411 0.7325 0.020588235294117647 0.035
1 0.2926470588235294 0.690625 0.033823529411764704 0.05375
0 0.29375 0.731875 0.019852941176470587 0.03625
data/trafficsigndataset\00616.jpg 3 0.33088235294117646 0.71375 0.01911764705882353 0.0325
3 0.6544117647058824 0.69375 0.020588235294117647 0.035
data/trafficsigndataset\00619.jpg 3 0.6327205882352941 0.540625 0.028676470588235293 0.04375
data/trafficsigndataset\00620.jpg 0 0.6452205882352942 0.549375 0.021323529411764706 0.03625
data/trafficsigndataset\00621.jpg 0 0.5845588235294118 0.57 0.01911764705882353 0.0325
data/trafficsigndataset\00622.jpg 1 0.6154411764705883 0.555625 0.033823529411764704 0.05125
data/trafficsigndataset\00623.jpg 0 0.7382352941176471 0.505 0.04411764705882353 0.075
data/trafficsigndataset\00624.jpg 2 0.30183823529411763 0.661875 0.03455882352941177 0.06125
0 0.6125 0.595 0.01764705882352941 0.03
data/trafficsigndataset\00625.jpg 0 0.7863970588235294 0.5125 0.04779411764705882 0.0825
data/trafficsigndataset\00626.jpg 0 0.6441176470588236 0.52875 0.027941176470588237 0.0475
0 0.6433823529411765 0.5775 0.026470588235294117 0.045
data/trafficsigndataset\00628.jpg 3 0.7658088235294118 0.399375 0.06397058823529411 0.10875
data/trafficsigndataset\00630.jpg 0 0.9205882352941176 0.4375 0.04852941176470588 0.0875
data/trafficsigndataset\00631.jpg 0 0.6003676470588235 0.61875 0.025735294117647058 0.0425
3 0.6003676470588235 0.570625 0.03308823529411765 0.05625
data/trafficsigndataset\00632.jpg 0 0.09117647058823529 0.501875 0.033823529411764704 0.05625
data/trafficsigndataset\00633.jpg 2 0.23897058823529413 0.676875 0.051470588235294115 0.10125
data/trafficsigndataset\00634.jpg 0 0.4025735294117647 0.491875 0.03308823529411765 0.05625
data/trafficsigndataset\00635.jpg 0 0.6213235294117647 0.5525 0.027941176470588237 0.0475
data/trafficsigndataset\00637.jpg 1 0.6558823529411765 0.52875 0.03529411764705882 0.055
data/trafficsigndataset\00638.jpg 0 0.6863970588235294 0.4925 0.028676470588235293 0.05
data/trafficsigndataset\00639.jpg 2 0.2301470588235294 0.660625 0.03529411764705882 0.06125
data/trafficsigndataset\00640.jpg 0 0.8386029411764706 0.485625 0.05220588235294118 0.08875
3 0.836764705882353 0.3825 0.07205882352941176 0.1225
data/trafficsigndataset\00641.jpg 3 0.03455882352941177 0.5575 0.030882352941176472 0.0525
data/trafficsigndataset\00642.jpg 3 0.6595588235294118 0.455 0.054411764705882354 0.0925
2 0.3275735294117647 0.63375 0.016911764705882352 0.0275
data/trafficsigndataset\00644.jpg 2 0.07573529411764705 0.678125 0.039705882352941174 0.07125
data/trafficsigndataset\00645.jpg 0 0.7808823529411765 0.42375 0.041176470588235294 0.07
data/trafficsigndataset\00646.jpg 3 0.7900735294117647 0.568125 0.022794117647058822 0.03625
3 0.4227941176470588 0.55875 0.022058823529411766 0.0325
data/trafficsigndataset\00647.jpg 2 0.4573529411764706 0.6575 0.016176470588235296 0.0275
data/trafficsigndataset\00648.jpg 1 0.27941176470588236 0.510625 0.05 0.07625
data/trafficsigndataset\00649.jpg 3 0.6194852941176471 0.40875 0.03455882352941177 0.0575
data/trafficsigndataset\00650.jpg 3 0.8514705882352941 0.394375 0.051470588235294115 0.08625
2 0.36580882352941174 0.6575 0.015441176470588236 0.0275
data/trafficsigndataset\00651.jpg 1 0.60625 0.465 0.05367647058823529 0.0825
0 0.606985294117647 0.5375 0.0375 0.065
data/trafficsigndataset\00653.jpg 2 0.5860294117647059 0.536875 0.016176470588235296 0.02875
3 0.5849264705882353 0.494375 0.022794117647058822 0.03875
data/trafficsigndataset\00654.jpg 3 0.9330882352941177 0.413125 0.041176470588235294 0.07375
data/trafficsigndataset\00655.jpg 3 0.705514705882353 0.4325 0.03602941176470588 0.06
2 0.4073529411764706 0.6625 0.014705882352941176 0.025
data/trafficsigndataset\00656.jpg 0 0.43125 0.596875 0.01838235294117647 0.03125
data/trafficsigndataset\00657.jpg 0 0.7415441176470589 0.521875 0.025735294117647058 0.04375
data/trafficsigndataset\00658.jpg 1 0.6599264705882353 0.46875 0.05808823529411765 0.0875
data/trafficsigndataset\00659.jpg 0 0.7448529411764706 0.5625 0.029411764705882353 0.05
data/trafficsigndataset\00660.jpg 0 0.7066176470588236 0.55 0.026470588235294117 0.045
data/trafficsigndataset\00661.jpg 0 0.8481617647058823 0.519375 0.022794117647058822 0.03625
data/trafficsigndataset\00662.jpg 1 0.7136029411764706 0.575625 0.03308823529411765 0.05125
data/trafficsigndataset\00663.jpg 3 0.6345588235294117 0.42125 0.04852941176470588 0.075
data/trafficsigndataset\00664.jpg 3 0.6352941176470588 0.519375 0.03235294117647059 0.05625
0 0.6356617647058823 0.565625 0.022794117647058822 0.03875
data/trafficsigndataset\00665.jpg 1 0.5275735294117647 0.5425 0.03602941176470588 0.0525
0 0.4176470588235294 0.6025 0.016176470588235296 0.0275
data/trafficsigndataset\00667.jpg 0 0.5518382352941177 0.571875 0.019852941176470587 0.03375
data/trafficsigndataset\00668.jpg 0 0.8290441176470589 0.37125 0.06544117647058824 0.1075
3 0.8297794117647059 0.245625 0.08602941176470588 0.14375
data/trafficsigndataset\00669.jpg 0 0.6794117647058824 0.523125 0.03676470588235294 0.06375
data/trafficsigndataset\00670.jpg 0 0.7577205882352941 0.424375 0.04926470588235294 0.08375
data/trafficsigndataset\00671.jpg 1 0.6363970588235294 0.46375 0.03897058823529412 0.0575
0 0.6356617647058823 0.514375 0.027205882352941177 0.04625
data/trafficsigndataset\00672.jpg 3 0.6772058823529412 0.438125 0.04264705882352941 0.06375
3 0.11654411764705883 0.370625 0.05220588235294118 0.07875
data/trafficsigndataset\00673.jpg 1 0.3264705882352941 0.540625 0.04411764705882353 0.06625
data/trafficsigndataset\00674.jpg 0 0.5397058823529411 0.485 0.025 0.0425
data/trafficsigndataset\00675.jpg 2 0.48419117647058824 0.650625 0.025735294117647058 0.04375
3 0.7540441176470588 0.50625 0.025735294117647058 0.0425
2 0.7533088235294118 0.5425 0.01838235294117647 0.0325
data/trafficsigndataset\00678.jpg 3 0.5294117647058824 0.53 0.03235294117647059 0.0525
data/trafficsigndataset\00679.jpg 2 0.54375 0.536875 0.028676470588235293 0.05125
3 0.5415441176470588 0.468125 0.04632352941176471 0.07875
data/trafficsigndataset\00680.jpg 0 0.68125 0.52625 0.03897058823529412 0.0675
2 0.2801470588235294 0.56625 0.020588235294117647 0.035
data/trafficsigndataset\00681.jpg 0 0.6125 0.55875 0.01911764705882353 0.0325
data/trafficsigndataset\00682.jpg 2 0.21948529411764706 0.558125 0.030147058823529412 0.05125
2 0.6672794117647058 0.554375 0.03308823529411765 0.05625
2 0.2025735294117647 0.625625 0.021323529411764706 0.03625
data/trafficsigndataset\00683.jpg 0 0.2926470588235294 0.5825 0.016176470588235296 0.0275
0 0.6625 0.578125 0.01764705882352941 0.03125
data/trafficsigndataset\00685.jpg 2 0.46838235294117647 0.6625 0.03235294117647059 0.055
data/trafficsigndataset\00686.jpg 0 0.29007352941176473 0.569375 0.025735294117647058 0.04625
data/trafficsigndataset\00688.jpg 3 0.638235294117647 0.535 0.026470588235294117 0.045
3 0.3069852941176471 0.555625 0.02426470588235294 0.04125
data/trafficsigndataset\00689.jpg 1 0.4452205882352941 0.6275 0.022794117647058822 0.035
1 0.6661764705882353 0.624375 0.023529411764705882 0.03625
data/trafficsigndataset\00690.jpg 0 0.5786764705882353 0.646875 0.01764705882352941 0.02875
data/trafficsigndataset\00691.jpg 0 0.6588235294117647 0.62875 0.016176470588235296 0.0275
0 0.35257352941176473 0.62625 0.015441176470588236 0.0275
data/trafficsigndataset\00692.jpg 0 0.7871323529411764 0.47125 0.030147058823529412 0.05
data/trafficsigndataset\00693.jpg 0 0.7382352941176471 0.50375 0.029411764705882353 0.05
data/trafficsigndataset\00694.jpg 3 0.60625 0.53375 0.02426470588235294 0.04
data/trafficsigndataset\00695.jpg 3 0.5944852941176471 0.501875 0.022794117647058822 0.03875
data/trafficsigndataset\00696.jpg 0 0.5345588235294118 0.57 0.014705882352941176 0.025
data/trafficsigndataset\00697.jpg 1 0.7220588235294118 0.444375 0.05588235294117647 0.08375
data/trafficsigndataset\00698.jpg 0 0.5522058823529412 0.534375 0.020588235294117647 0.03625
data/trafficsigndataset\00699.jpg 0 0.5452205882352941 0.535 0.021323529411764706 0.0375
data/trafficsigndataset\00700.jpg 3 0.6474264705882353 0.47125 0.04779411764705882 0.0725
data/trafficsigndataset\00701.jpg 0 0.7830882352941176 0.52375 0.033823529411764704 0.0575
3 0.7823529411764706 0.455625 0.047058823529411764 0.07875
data/trafficsigndataset\00702.jpg 3 0.5128676470588235 0.57125 0.013970588235294118 0.0275
data/trafficsigndataset\00703.jpg 1 0.7518382352941176 0.42125 0.04191176470588235 0.065
0 0.7511029411764706 0.475625 0.030147058823529412 0.05125
data/trafficsigndataset\00704.jpg 0 0.5731617647058823 0.530625 0.019852941176470587 0.03375
data/trafficsigndataset\00705.jpg 0 0.7154411764705882 0.450625 0.026470588235294117 0.04375
data/trafficsigndataset\00706.jpg 0 0.6488970588235294 0.483125 0.02426470588235294 0.03875
data/trafficsigndataset\00707.jpg 0 0.6801470588235294 0.50125 0.026470588235294117 0.045
data/trafficsigndataset\00710.jpg 0 0.8264705882352941 0.3025 0.058823529411764705 0.1025
data/trafficsigndataset\00712.jpg 0 0.7044117647058824 0.48375 0.03823529411764706 0.065
data/trafficsigndataset\00714.jpg 0 0.5926470588235294 0.41875 0.03235294117647059 0.055
data/trafficsigndataset\00715.jpg 2 0.2338235294117647 0.47375 0.04852941176470588 0.0825
data/trafficsigndataset\00716.jpg 0 0.6209558823529412 0.450625 0.03602941176470588 0.06375
3 0.6235294117647059 0.375625 0.05 0.08625
data/trafficsigndataset\00717.jpg 0 0.6227941176470588 0.55875 0.01764705882352941 0.03
data/trafficsigndataset\00719.jpg 0 0.6992647058823529 0.510625 0.026470588235294117 0.04625
data/trafficsigndataset\00720.jpg 0 0.5488970588235295 0.548125 0.013970588235294118 0.02375
data/trafficsigndataset\00721.jpg 3 0.675 0.461875 0.025 0.03875
data/trafficsigndataset\00722.jpg 1 0.09852941176470588 0.48875 0.04411764705882353 0.0675
1 0.7503676470588235 0.444375 0.04191176470588235 0.06375
data/trafficsigndataset\00723.jpg 1 0.5683823529411764 0.48 0.039705882352941174 0.06
1 0.15294117647058825 0.4875 0.041176470588235294 0.06
0 0.5194852941176471 0.54375 0.015441176470588236 0.0275
data/trafficsigndataset\00725.jpg 2 0.41360294117647056 0.7625 0.015441176470588236 0.0275
data/trafficsigndataset\00728.jpg 1 0.3786764705882353 0.724375 0.025 0.04125
data/trafficsigndataset\00729.jpg 0 0.40661764705882353 0.6325 0.025 0.0425
data/trafficsigndataset\00730.jpg 0 0.35955882352941176 0.583125 0.033823529411764704 0.05875
0 0.7852941176470588 0.665 0.022058823529411766 0.0375
data/trafficsigndataset\00732.jpg 3 0.7198529411764706 0.67625 0.01911764705882353 0.0325
data/trafficsigndataset\00733.jpg 2 0.3426470588235294 0.759375 0.03529411764705882 0.06125
0 0.3863970588235294 0.555 0.025735294117647058 0.045
0 0.6992647058823529 0.67125 0.020588235294117647 0.035
data/trafficsigndataset\00734.jpg 0 0.8294117647058824 0.61125 0.05588235294117647 0.0975
data/trafficsigndataset\00736.jpg 1 0.6191176470588236 0.704375 0.020588235294117647 0.03375
data/trafficsigndataset\00737.jpg 3 0.45625 0.575 0.025735294117647058 0.04
3 0.35919117647058824 0.5825 0.027205882352941177 0.0425
data/trafficsigndataset\00738.jpg 2 0.41875 0.774375 0.021323529411764706 0.03625
data/trafficsigndataset\00740.jpg 0 0.8735294117647059 0.66875 0.03676470588235294 0.0625
0 0.3761029411764706 0.669375 0.03308823529411765 0.05625
3 0.7959558823529411 0.706875 0.016911764705882352 0.02875
data/trafficsigndataset\00741.jpg 0 0.33198529411764705 0.714375 0.019852941176470587 0.03375
0 0.725 0.71125 0.020588235294117647 0.035
data/trafficsigndataset\00742.jpg 0 0.2580882352941177 0.72375 0.025 0.0425
0 0.71875 0.713125 0.025735294117647058 0.04125
data/trafficsigndataset\00744.jpg 3 0.8595588235294118 0.6875 0.020588235294117647 0.035
data/trafficsigndataset\00746.jpg 0 0.8514705882352941 0.643125 0.033823529411764704 0.05625
0 0.18970588235294117 0.615 0.033823529411764704 0.0575
0 0.18970588235294117 0.6725 0.03235294117647059 0.0575
0 0.8529411764705882 0.6975 0.03235294117647059 0.0525
data/trafficsigndataset\00747.jpg 3 0.2363970588235294 0.641875 0.03455882352941177 0.06125
3 0.861764705882353 0.661875 0.03529411764705882 0.05875
data/trafficsigndataset\00749.jpg 0 0.23786764705882352 0.716875 0.03308823529411765 0.05625
0 0.8650735294117647 0.711875 0.03455882352941177 0.05875
data/trafficsigndataset\00751.jpg 3 0.5441176470588235 0.7275 0.022058823529411766 0.035
data/trafficsigndataset\00752.jpg 0 0.7033088235294118 0.58875 0.03308823529411765 0.0575
data/trafficsigndataset\00754.jpg 2 0.5496323529411765 0.765625 0.028676470588235293 0.04875
data/trafficsigndataset\00755.jpg 3 0.8426470588235294 0.445 0.09117647058823529 0.155
0 0.6378676470588235 0.666875 0.022794117647058822 0.03875
2 0.425 0.7625 0.022058823529411766 0.0375
data/trafficsigndataset\00756.jpg 3 0.6661764705882353 0.68625 0.03676470588235294 0.0625
data/trafficsigndataset\00758.jpg 0 0.7338235294117647 0.67125 0.023529411764705882 0.04
0 0.2867647058823529 0.66375 0.023529411764705882 0.04
0 0.2878676470588235 0.704375 0.022794117647058822 0.03875
0 0.7341911764705882 0.711875 0.02426470588235294 0.04125
data/trafficsigndataset\00760.jpg 0 0.44375 0.688125 0.01838235294117647 0.03125
0 0.44375 0.71875 0.01838235294117647 0.03
0 0.7617647058823529 0.694375 0.01911764705882353 0.03375
0 0.7617647058823529 0.725 0.01764705882352941 0.03
data/trafficsigndataset\00761.jpg 2 0.04779411764705882 0.71125 0.04411764705882353 0.07
data/trafficsigndataset\00762.jpg 3 0.2702205882352941 0.51 0.04926470588235294 0.075
3 0.8720588235294118 0.54375 0.047058823529411764 0.075
data/trafficsigndataset\00763.jpg 1 0.6503676470588236 0.663125 0.028676470588235293 0.04125
data/trafficsigndataset\00764.jpg 1 0.6121323529411765 0.66125 0.027205882352941177 0.045
data/trafficsigndataset\00766.jpg 0 0.20036764705882354 0.6425 0.02426470588235294 0.0475
data/trafficsigndataset\00770.jpg 3 0.7919117647058823 0.65125 0.026470588235294117 0.045
3 0.3547794117647059 0.686875 0.021323529411764706 0.03625
2 0.39742647058823527 0.740625 0.021323529411764706 0.03625
data/trafficsigndataset\00771.jpg 1 0.6272058823529412 0.565625 0.025 0.03875
3 0.6558823529411765 0.625625 0.03676470588235294 0.05625
3 0.13125 0.699375 0.0375 0.05875
data/trafficsigndataset\00772.jpg 1 0.6272058823529412 0.70375 0.016176470588235296 0.025
data/trafficsigndataset\00773.jpg 0 0.6551470588235294 0.6575 0.01764705882352941 0.03
3 0.7875 0.56625 0.033823529411764704 0.0575
data/trafficsigndataset\00774.jpg 0 0.6948529411764706 0.665 0.023529411764705882 0.04
data/trafficsigndataset\00775.jpg 0 0.6669117647058823 0.6325 0.033823529411764704 0.0575
data/trafficsigndataset\00776.jpg 0 0.6448529411764706 0.65125 0.023529411764705882 0.04
3 0.8323529411764706 0.46375 0.08235294117647059 0.14
2 0.4827205882352941 0.768125 0.015441176470588236 0.02625
data/trafficsigndataset\00777.jpg 0 0.6220588235294118 0.6725 0.01764705882352941 0.03
3 0.6974264705882353 0.545625 0.04779411764705882 0.08125
data/trafficsigndataset\00778.jpg 2 0.7433823529411765 0.720625 0.03235294117647059 0.05625
data/trafficsigndataset\00779.jpg 1 0.3889705882352941 0.636875 0.03529411764705882 0.05625
data/trafficsigndataset\00780.jpg 1 0.30551470588235297 0.64125 0.07426470588235294 0.1125
0 0.8794117647058823 0.755 0.045588235294117645 0.08
1 0.8746323529411765 0.66375 0.06985294117647059 0.11
0 0.3029411764705882 0.73625 0.047058823529411764 0.08
data/trafficsigndataset\00782.jpg 3 0.756985294117647 0.595 0.03308823529411765 0.0525
3 0.18529411764705883 0.5975 0.039705882352941174 0.06
data/trafficsigndataset\00783.jpg 2 0.21875 0.73875 0.03161764705882353 0.0575
data/trafficsigndataset\00784.jpg 2 0.06727941176470588 0.798125 0.08897058823529412 0.15625
data/trafficsigndataset\00785.jpg 2 0.38676470588235295 0.56375 0.023529411764705882 0.04
2 0.7492647058823529 0.60625 0.023529411764705882 0.04
3 0.38676470588235295 0.52 0.03235294117647059 0.0475
3 0.7485294117647059 0.56125 0.03235294117647059 0.0525
data/trafficsigndataset\00787.jpg 1 0.7694852941176471 0.574375 0.06397058823529411 0.09375
1 0.28308823529411764 0.755 0.011764705882352941 0.0225
data/trafficsigndataset\00788.jpg 1 0.7356617647058824 0.679375 0.06102941176470588 0.10625
data/trafficsigndataset\00789.jpg 3 0.5683823529411764 0.663125 0.020588235294117647 0.03625
data/trafficsigndataset\00791.jpg 1 0.6863970588235294 0.6175 0.04044117647058824 0.0625
0 0.7525735294117647 0.563125 0.05661764705882353 0.09625
data/trafficsigndataset\00794.jpg 3 0.7698529411764706 0.668125 0.022058823529411766 0.04125
data/trafficsigndataset\00795.jpg 2 0.1411764705882353 0.796875 0.03529411764705882 0.06375
data/trafficsigndataset\00797.jpg 2 0.6242647058823529 0.590625 0.025 0.04125
2 0.3011029411764706 0.635 0.019852941176470587 0.035
3 0.3011029411764706 0.60375 0.027205882352941177 0.0425
3 0.6213235294117647 0.54625 0.033823529411764704 0.05
data/trafficsigndataset\00798.jpg 0 0.5852941176470589 0.69375 0.014705882352941176 0.025
3 0.8279411764705882 0.59625 0.052941176470588235 0.08
data/trafficsigndataset\00801.jpg 2 0.3816176470588235 0.57875 0.023529411764705882 0.0425
data/trafficsigndataset\00802.jpg 1 0.47573529411764703 0.28125 0.075 0.11
0 0.4753676470588235 0.376875 0.05367647058823529 0.08625
data/trafficsigndataset\00803.jpg 0 0.5904411764705882 0.329375 0.047058823529411764 0.07875
0 0.5915441176470588 0.443125 0.04779411764705882 0.08125
data/trafficsigndataset\00805.jpg 1 0.6558823529411765 0.488125 0.03235294117647059 0.05375
data/trafficsigndataset\00806.jpg 0 0.6025735294117647 0.524375 0.01838235294117647 0.03125
data/trafficsigndataset\00807.jpg 1 0.6213235294117647 0.48625 0.03235294117647059 0.0475
data/trafficsigndataset\00808.jpg 2 0.21580882352941178 0.60625 0.03161764705882353 0.055
1 0.6106617647058824 0.36875 0.05220588235294118 0.0775
data/trafficsigndataset\00809.jpg 3 0.518014705882353 0.469375 0.022794117647058822 0.04125
data/trafficsigndataset\00810.jpg 1 0.48308823529411765 0.44 0.051470588235294115 0.0825
1 0.35 0.5 0.023529411764705882 0.0375
data/trafficsigndataset\00811.jpg 1 0.5290441176470588 0.465625 0.025735294117647058 0.04125
data/trafficsigndataset\00813.jpg 2 0.7125 0.364375 0.060294117647058824 0.10375
3 0.7113970588235294 0.248125 0.08014705882352942 0.12875
data/trafficsigndataset\00816.jpg 1 0.7205882352941176 0.483125 0.03823529411764706 0.05875
data/trafficsigndataset\00817.jpg 1 0.5360294117647059 0.53375 0.03235294117647059 0.05
data/trafficsigndataset\00818.jpg 1 0.5378676470588235 0.553125 0.019852941176470587 0.03125
data/trafficsigndataset\00820.jpg 1 0.8183823529411764 0.38125 0.08235294117647059 0.1275
data/trafficsigndataset\00821.jpg 0 0.6400735294117647 0.56875 0.016911764705882352 0.0275
0 0.25330882352941175 0.5675 0.016911764705882352 0.03
data/trafficsigndataset\00822.jpg 1 0.5893382352941177 0.526875 0.02426470588235294 0.03625
data/trafficsigndataset\00823.jpg 3 0.7926470588235294 0.491875 0.023529411764705882 0.03625
2 0.7933823529411764 0.52375 0.016176470588235296 0.0275
2 0.6025735294117647 0.616875 0.021323529411764706 0.03625
data/trafficsigndataset\00824.jpg 0 0.18345588235294116 0.541875 0.025735294117647058 0.04375
data/trafficsigndataset\00825.jpg 0 0.805514705882353 0.48875 0.01838235294117647 0.0325
data/trafficsigndataset\00827.jpg 3 0.6915441176470588 0.579375 0.028676470588235293 0.05375
2 0.4077205882352941 0.614375 0.022794117647058822 0.04625
data/trafficsigndataset\00828.jpg 1 0.6588235294117647 0.52125 0.052941176470588235 0.0825
data/trafficsigndataset\00829.jpg 0 0.41507352941176473 0.513125 0.016911764705882352 0.02875
3 0.7786764705882353 0.39125 0.08088235294117647 0.15
data/trafficsigndataset\00831.jpg 0 0.73125 0.488125 0.028676470588235293 0.04875
data/trafficsigndataset\00833.jpg 0 0.5875 0.44375 0.033823529411764704 0.0575
data/trafficsigndataset\00834.jpg 0 0.8518382352941176 0.368125 0.04191176470588235 0.07625
data/trafficsigndataset\00835.jpg 1 0.5727941176470588 0.534375 0.020588235294117647 0.03125
data/trafficsigndataset\00836.jpg 3 0.05477941176470588 0.47375 0.025735294117647058 0.04
data/trafficsigndataset\00837.jpg 1 0.9055147058823529 0.49375 0.04485294117647059 0.0675
data/trafficsigndataset\00838.jpg 0 0.7959558823529411 0.495625 0.021323529411764706 0.03625
0 0.3356617647058823 0.540625 0.019852941176470587 0.03375
data/trafficsigndataset\00839.jpg 0 0.9238970588235295 0.399375 0.03308823529411765 0.05625
0 0.924264705882353 0.456875 0.033823529411764704 0.05625
0 0.2386029411764706 0.48375 0.03161764705882353 0.055
0 0.2400735294117647 0.539375 0.03161764705882353 0.05625
data/trafficsigndataset\00841.jpg 2 0.4470588235294118 0.62125 0.022058823529411766 0.0375
data/trafficsigndataset\00842.jpg 3 0.7761029411764706 0.321875 0.04485294117647059 0.07625
data/trafficsigndataset\00844.jpg 3 0.7316176470588235 0.43875 0.026470588235294117 0.0475
data/trafficsigndataset\00845.jpg 1 0.7165441176470588 0.53625 0.02426470588235294 0.0375
data/trafficsigndataset\00846.jpg 0 0.2878676470588235 0.500625 0.025735294117647058 0.04375
0 0.8158088235294118 0.458125 0.027205882352941177 0.04625
data/trafficsigndataset\00848.jpg 0 0.7485294117647059 0.34625 0.052941176470588235 0.09
data/trafficsigndataset\00849.jpg 3 0.3084558823529412 0.481875 0.03161764705882353 0.06625
2 0.3069852941176471 0.536875 0.025735294117647058 0.04375
data/trafficsigndataset\00850.jpg 0 0.7272058823529411 0.48625 0.023529411764705882 0.04
data/trafficsigndataset\00851.jpg 0 0.8231617647058823 0.424375 0.04044117647058824 0.06875
data/trafficsigndataset\00852.jpg 1 0.8213235294117647 0.37875 0.03823529411764706 0.0625
data/trafficsigndataset\00853.jpg 2 0.7036764705882353 0.536875 0.020588235294117647 0.03625
2 0.5102941176470588 0.61875 0.016176470588235296 0.0275
3 0.7011029411764705 0.5 0.027205882352941177 0.0425
data/trafficsigndataset\00854.jpg 0 0.8959558823529412 0.363125 0.05367647058823529 0.09125
data/trafficsigndataset\00855.jpg 1 0.8860294117647058 0.423125 0.07941176470588235 0.12125
3 0.6863970588235294 0.533125 0.02426470588235294 0.04125
data/trafficsigndataset\00857.jpg 3 0.6349264705882353 0.555625 0.016911764705882352 0.02875
3 0.8650735294117647 0.381875 0.06985294117647059 0.10875
data/trafficsigndataset\00858.jpg 1 0.6066176470588235 0.55875 0.020588235294117647 0.0325
data/trafficsigndataset\00859.jpg 1 0.6702205882352941 0.505625 0.028676470588235293 0.04625
data/trafficsigndataset\00860.jpg 0 0.8253676470588235 0.234375 0.06691176470588235 0.10875
data/trafficsigndataset\00862.jpg 0 0.23786764705882352 0.57875 0.05661764705882353 0.095
data/trafficsigndataset\00863.jpg 3 0.32169117647058826 0.538125 0.025735294117647058 0.04375
3 0.9113970588235294 0.495 0.025735294117647058 0.045
data/trafficsigndataset\00864.jpg 1 0.6768382352941177 0.565625 0.015441176470588236 0.02375
data/trafficsigndataset\00865.jpg 3 0.28345588235294117 0.286875 0.06397058823529411 0.10875
2 0.43014705882352944 0.6275 0.01764705882352941 0.03
data/trafficsigndataset\00866.jpg 0 0.7485294117647059 0.515 0.020588235294117647 0.035
data/trafficsigndataset\00867.jpg 1 0.10992647058823529 0.56625 0.04485294117647059 0.0725
1 0.8352941176470589 0.525625 0.051470588235294115 0.07875
data/trafficsigndataset\00868.jpg 1 0.4411764705882353 0.59875 0.014705882352941176 0.0225
1 0.6514705882352941 0.574375 0.014705882352941176 0.02375
data/trafficsigndataset\00869.jpg 1 0.06948529411764706 0.55 0.05073529411764706 0.0875
1 0.9349264705882353 0.4425 0.05661764705882353 0.0925
data/trafficsigndataset\00870.jpg 0 0.4261029411764706 0.583125 0.015441176470588236 0.02625
0 0.7647058823529411 0.56375 0.014705882352941176 0.025
data/trafficsigndataset\00871.jpg 0 0.2889705882352941 0.53125 0.026470588235294117 0.045
0 0.950735294117647 0.50125 0.029411764705882353 0.05
data/trafficsigndataset\00872.jpg 0 0.7011029411764705 0.528125 0.02426470588235294 0.04125
0 0.24595588235294116 0.540625 0.02426470588235294 0.04125
data/trafficsigndataset\00874.jpg 1 0.930514705882353 0.523125 0.04779411764705882 0.07875
data/trafficsigndataset\00876.jpg 0 0.3518382352941177 0.601875 0.01838235294117647 0.03125
0 0.5779411764705882 0.60875 0.014705882352941176 0.025
data/trafficsigndataset\00879.jpg 3 0.23602941176470588 0.69375 0.029411764705882353 0.05
3 0.7415441176470589 0.658125 0.030147058823529412 0.05125
data/trafficsigndataset\00881.jpg 0 0.8452205882352941 0.724375 0.027205882352941177 0.04625
0 0.36433823529411763 0.704375 0.025735294117647058 0.04375
data/trafficsigndataset\00882.jpg 0 0.20625 0.726875 0.05367647058823529 0.08875
data/trafficsigndataset\00884.jpg 0 0.6415441176470589 0.618125 0.025735294117647058 0.04375
0 0.6408088235294118 0.660625 0.025735294117647058 0.04125
data/trafficsigndataset\00885.jpg 2 0.1775735294117647 0.714375 0.05808823529411765 0.09875
3 0.19338235294117648 0.545 0.04852941176470588 0.0825
data/trafficsigndataset\00886.jpg 0 0.6077205882352941 0.660625 0.016911764705882352 0.02875
0 0.6084558823529411 0.690625 0.01838235294117647 0.03125
data/trafficsigndataset\00887.jpg 2 0.6363970588235294 0.670625 0.019852941176470587 0.03375
data/trafficsigndataset\00888.jpg 2 0.7470588235294118 0.428125 0.039705882352941174 0.06875
3 0.58125 0.696875 0.016911764705882352 0.02875
data/trafficsigndataset\00889.jpg 0 0.5154411764705882 0.6775 0.01764705882352941 0.03
3 0.5161764705882353 0.64375 0.022058823529411766 0.0375
data/trafficsigndataset\00891.jpg 0 0.5566176470588236 0.70125 0.014705882352941176 0.025
0 0.3551470588235294 0.7075 0.014705882352941176 0.025
data/trafficsigndataset\00893.jpg 3 0.6139705882352942 0.62 0.020588235294117647 0.035
data/trafficsigndataset\00894.jpg 0 0.2963235294117647 0.67625 0.020588235294117647 0.035
0 0.8180147058823529 0.685625 0.028676470588235293 0.04875
3 0.8158088235294118 0.628125 0.03602941176470588 0.06125
data/trafficsigndataset\00895.jpg 0 0.15845588235294117 0.630625 0.03308823529411765 0.05625
0 0.7279411764705882 0.5525 0.03529411764705882 0.06
data/trafficsigndataset\00896.jpg 0 0.6080882352941176 0.53875 0.027941176470588237 0.0475
data/trafficsigndataset\00897.jpg 3 0.6 0.6725 0.01764705882352941 0.03
data/trafficsigndataset\00898.jpg 0 0.24926470588235294 0.65 0.023529411764705882 0.04
0 0.6125 0.6575 0.023529411764705882 0.04
data/trafficsigndataset\00899.jpg 1 0.65625 0.63625 0.04191176470588235 0.0625
